Magnetic field (mT)	 Magnetization (arb. units)
1.250000e+02	-1.524180e-03
1.200000e+02	-1.526513e-03
1.150000e+02	-1.524280e-03
1.100000e+02	-1.523590e-03
1.050000e+02	-1.523177e-03
1.000000e+02	-1.525007e-03
9.500000e+01	-1.522523e-03
9.000000e+01	-1.524223e-03
8.500000e+01	-1.523293e-03
8.000000e+01	-1.519537e-03
7.500000e+01	-1.521233e-03
7.000000e+01	-1.515637e-03
6.500000e+01	-1.518373e-03
6.000000e+01	-1.513350e-03
5.900000e+01	-1.516133e-03
5.800000e+01	-1.510000e-03
5.700000e+01	-1.512467e-03
5.600000e+01	-1.511030e-03
5.500000e+01	-1.506863e-03
5.400000e+01	-1.505887e-03
5.300000e+01	-1.502530e-03
5.200000e+01	-1.506893e-03
5.100000e+01	-1.497840e-03
5.000000e+01	-1.499790e-03
4.900000e+01	-1.501477e-03
4.800000e+01	-1.493510e-03
4.700000e+01	-1.489507e-03
4.600000e+01	-1.486753e-03
4.500000e+01	-1.488933e-03
4.400000e+01	-1.482687e-03
4.300000e+01	-1.474777e-03
4.200000e+01	-1.470687e-03
4.100000e+01	-1.468730e-03
4.000000e+01	-1.460587e-03
3.900000e+01	-1.458890e-03
3.800000e+01	-1.453123e-03
3.700000e+01	-1.440867e-03
3.600000e+01	-1.434393e-03
3.500000e+01	-1.423843e-03
3.400000e+01	-1.413420e-03
3.300000e+01	-1.403823e-03
3.200000e+01	-1.394573e-03
3.100000e+01	-1.381277e-03
3.000000e+01	-1.370003e-03
2.900000e+01	-1.360700e-03
2.800000e+01	-1.343223e-03
2.700000e+01	-1.327950e-03
2.600000e+01	-1.308523e-03
2.500000e+01	-1.295127e-03
2.400000e+01	-1.275620e-03
2.300000e+01	-1.258977e-03
2.200000e+01	-1.238260e-03
2.100000e+01	-1.217067e-03
2.000000e+01	-1.194860e-03
1.900000e+01	-1.173157e-03
1.800000e+01	-1.153273e-03
1.700000e+01	-1.126373e-03
1.600000e+01	-1.106593e-03
1.500000e+01	-1.076110e-03
1.400000e+01	-1.048250e-03
1.300000e+01	-1.028917e-03
1.200000e+01	-9.969697e-04
1.100000e+01	-9.680777e-04
1.000000e+01	-9.414357e-04
9.000000e+00	-9.127180e-04
8.000000e+00	-8.796307e-04
7.000000e+00	-8.459117e-04
6.000000e+00	-8.194433e-04
5.000000e+00	-7.790857e-04
4.000000e+00	-7.524403e-04
3.000000e+00	-7.163663e-04
2.000000e+00	-6.812050e-04
1.950000e+00	-6.761173e-04
1.900000e+00	-6.771900e-04
1.850000e+00	-6.787507e-04
1.800000e+00	-6.746287e-04
1.750000e+00	-6.741227e-04
1.700000e+00	-6.700863e-04
1.650000e+00	-6.706703e-04
1.600000e+00	-6.652617e-04
1.550000e+00	-6.625083e-04
1.500000e+00	-6.614773e-04
1.450000e+00	-6.613060e-04
1.400000e+00	-6.580353e-04
1.350000e+00	-6.570523e-04
1.300000e+00	-6.597660e-04
1.250000e+00	-6.541027e-04
1.200000e+00	-6.502197e-04
1.150000e+00	-6.564387e-04
1.100000e+00	-6.477613e-04
1.050000e+00	-6.458260e-04
1.000000e+00	-6.448403e-04
9.500000e-01	-6.471123e-04
9.000000e-01	-6.413263e-04
8.500000e-01	-6.437160e-04
8.000000e-01	-6.406147e-04
7.500000e-01	-6.379867e-04
7.000000e-01	-6.337370e-04
6.500000e-01	-6.373447e-04
6.000000e-01	-6.345663e-04
5.500000e-01	-6.343197e-04
5.000000e-01	-6.307420e-04
4.500000e-01	-6.246003e-04
4.000000e-01	-6.248360e-04
3.500000e-01	-6.269563e-04
3.000000e-01	-6.245070e-04
2.500000e-01	-6.259580e-04
2.000000e-01	-6.220777e-04
1.500000e-01	-6.192190e-04
1.000000e-01	-6.199453e-04
5.000000e-02	-6.116503e-04
0.000000e+00	-6.159267e-04
-5.000000e-02	-6.121880e-04
-1.000000e-01	-6.112287e-04
-1.500000e-01	-6.059163e-04
-2.000000e-01	-6.070280e-04
-2.500000e-01	-6.054863e-04
-3.000000e-01	-6.033697e-04
-3.500000e-01	-6.008453e-04
-4.000000e-01	-5.971673e-04
-4.500000e-01	-6.005433e-04
-5.000000e-01	-5.977550e-04
-5.500000e-01	-5.950913e-04
-6.000000e-01	-5.953363e-04
-6.500000e-01	-5.919583e-04
-7.000000e-01	-5.872880e-04
-7.500000e-01	-5.856333e-04
-8.000000e-01	-5.859630e-04
-8.500000e-01	-5.873600e-04
-9.000000e-01	-5.847143e-04
-9.500000e-01	-5.795360e-04
-1.000000e+00	-5.784663e-04
-1.050000e+00	-5.760757e-04
-1.100000e+00	-5.762687e-04
-1.150000e+00	-5.763943e-04
-1.200000e+00	-5.736123e-04
-1.250000e+00	-5.718057e-04
-1.300000e+00	-5.677730e-04
-1.350000e+00	-5.690607e-04
-1.400000e+00	-5.646877e-04
-1.450000e+00	-5.654430e-04
-1.500000e+00	-5.612537e-04
-1.550000e+00	-5.582337e-04
-1.600000e+00	-5.581947e-04
-1.650000e+00	-5.549017e-04
-1.700000e+00	-5.580553e-04
-1.750000e+00	-5.543883e-04
-1.800000e+00	-5.545747e-04
-1.850000e+00	-5.490473e-04
-1.900000e+00	-5.430487e-04
-1.950000e+00	-5.424083e-04
-2.000000e+00	-5.402983e-04
-2.050000e+00	-5.421850e-04
-2.100000e+00	-5.373813e-04
-2.150000e+00	-5.356570e-04
-2.200000e+00	-5.357820e-04
-2.250000e+00	-5.314810e-04
-2.300000e+00	-5.322797e-04
-2.350000e+00	-5.276423e-04
-2.400000e+00	-5.302917e-04
-2.450000e+00	-5.259863e-04
-2.500000e+00	-5.235943e-04
-2.550000e+00	-5.204927e-04
-2.600000e+00	-5.206260e-04
-2.650000e+00	-5.182543e-04
-2.700000e+00	-5.123590e-04
-2.750000e+00	-5.133967e-04
-2.800000e+00	-5.107567e-04
-2.850000e+00	-5.113637e-04
-2.900000e+00	-5.077737e-04
-2.950000e+00	-5.018407e-04
-3.000000e+00	-5.021917e-04
-3.050000e+00	-5.029050e-04
-3.100000e+00	-4.988853e-04
-3.150000e+00	-4.989350e-04
-3.200000e+00	-4.932307e-04
-3.250000e+00	-4.954783e-04
-3.300000e+00	-4.954737e-04
-3.350000e+00	-4.896910e-04
-3.400000e+00	-4.896623e-04
-3.450000e+00	-4.879540e-04
-3.500000e+00	-4.846620e-04
-3.550000e+00	-4.815990e-04
-3.600000e+00	-4.790897e-04
-3.650000e+00	-4.785223e-04
-3.700000e+00	-4.783347e-04
-3.750000e+00	-4.759690e-04
-3.800000e+00	-4.718693e-04
-3.850000e+00	-4.728903e-04
-3.900000e+00	-4.682463e-04
-3.950000e+00	-4.683623e-04
-4.000000e+00	-4.685413e-04
-4.050000e+00	-4.634573e-04
-4.100000e+00	-4.633157e-04
-4.150000e+00	-4.577863e-04
-4.200000e+00	-4.570547e-04
-4.250000e+00	-4.547557e-04
-4.300000e+00	-4.523380e-04
-4.350000e+00	-4.519557e-04
-4.400000e+00	-4.459113e-04
-4.450000e+00	-4.444473e-04
-4.500000e+00	-4.459700e-04
-4.550000e+00	-4.464873e-04
-4.600000e+00	-4.412110e-04
-4.650000e+00	-4.390107e-04
-4.700000e+00	-4.372887e-04
-4.750000e+00	-4.338750e-04
-4.800000e+00	-4.334907e-04
-4.850000e+00	-4.324827e-04
-4.900000e+00	-4.289187e-04
-4.950000e+00	-4.241373e-04
-5.000000e+00	-4.289783e-04
-5.050000e+00	-4.263877e-04
-5.100000e+00	-4.231480e-04
-5.150000e+00	-4.208163e-04
-5.200000e+00	-4.171280e-04
-5.250000e+00	-4.184993e-04
-5.300000e+00	-4.165197e-04
-5.350000e+00	-4.127463e-04
-5.400000e+00	-4.087747e-04
-5.450000e+00	-4.088717e-04
-5.500000e+00	-4.071013e-04
-5.550000e+00	-4.070853e-04
-5.600000e+00	-4.023253e-04
-5.650000e+00	-4.050577e-04
-5.700000e+00	-3.993383e-04
-5.750000e+00	-4.012143e-04
-5.800000e+00	-3.968377e-04
-5.850000e+00	-3.982407e-04
-5.900000e+00	-3.822887e-04
-5.950000e+00	-3.413143e-04
-6.000000e+00	-3.331163e-04
-6.050000e+00	-3.169253e-04
-6.100000e+00	-2.908757e-04
-6.150000e+00	-2.401587e-04
-6.200000e+00	-1.582702e-04
-6.250000e+00	-1.310123e-04
-6.300000e+00	-8.281557e-05
-6.350000e+00	-7.066223e-05
-6.400000e+00	-5.314027e-05
-6.450000e+00	3.789467e-05
-6.500000e+00	5.057136e-05
-6.550000e+00	7.179667e-05
-6.600000e+00	7.762583e-05
-6.650000e+00	8.058410e-05
-6.700000e+00	8.200310e-05
-6.750000e+00	8.360550e-05
-6.800000e+00	8.573053e-05
-6.850000e+00	8.911280e-05
-6.900000e+00	8.791270e-05
-6.950000e+00	9.243273e-05
-7.000000e+00	9.455870e-05
-7.050000e+00	9.553460e-05
-7.100000e+00	9.600447e-05
-7.150000e+00	9.674607e-05
-7.200000e+00	9.751520e-05
-7.250000e+00	1.002459e-04
-7.300000e+00	1.018631e-04
-7.350000e+00	1.034372e-04
-7.400000e+00	1.073737e-04
-7.450000e+00	1.057896e-04
-7.500000e+00	1.075797e-04
-7.550000e+00	1.125437e-04
-7.600000e+00	1.083073e-04
-7.650000e+00	1.134323e-04
-7.700000e+00	1.200877e-04
-7.750000e+00	1.166337e-04
-7.800000e+00	1.192977e-04
-7.850000e+00	1.199043e-04
-7.900000e+00	1.197223e-04
-7.950000e+00	1.209893e-04
-8.000000e+00	1.212827e-04
-8.050000e+00	1.257730e-04
-8.100000e+00	1.297463e-04
-8.150000e+00	1.256703e-04
-8.200000e+00	1.297363e-04
-8.250000e+00	1.326830e-04
-8.300000e+00	1.301447e-04
-8.350000e+00	1.337490e-04
-8.400000e+00	1.386530e-04
-8.450000e+00	1.381530e-04
-8.500000e+00	1.364867e-04
-8.550000e+00	1.422190e-04
-8.600000e+00	1.424983e-04
-8.650000e+00	1.445500e-04
-8.700000e+00	1.459890e-04
-8.750000e+00	1.443923e-04
-8.800000e+00	1.448473e-04
-8.850000e+00	1.506063e-04
-8.900000e+00	1.518473e-04
-8.950000e+00	1.506447e-04
-9.000000e+00	1.522227e-04
-9.050000e+00	1.540140e-04
-9.100000e+00	1.593517e-04
-9.150000e+00	1.578400e-04
-9.200000e+00	1.587677e-04
-9.250000e+00	1.581930e-04
-9.300000e+00	1.636600e-04
-9.350000e+00	1.633283e-04
-9.400000e+00	1.645753e-04
-9.450000e+00	1.685970e-04
-9.500000e+00	1.665330e-04
-9.550000e+00	1.689590e-04
-9.600000e+00	1.730200e-04
-9.650000e+00	1.723883e-04
-9.700000e+00	1.700910e-04
-9.750000e+00	1.719280e-04
-9.800000e+00	1.756423e-04
-9.850000e+00	1.755030e-04
-9.900000e+00	1.767543e-04
-9.950000e+00	1.815513e-04
-1.000000e+01	1.802317e-04
-1.100000e+01	2.068110e-04
-1.200000e+01	2.370967e-04
-1.300000e+01	2.592420e-04
-1.400000e+01	2.870140e-04
-1.500000e+01	3.152627e-04
-1.600000e+01	3.432750e-04
-1.700000e+01	3.644250e-04
-1.800000e+01	3.854083e-04
-1.900000e+01	4.090970e-04
-2.000000e+01	4.343447e-04
-2.100000e+01	4.500003e-04
-2.200000e+01	4.701967e-04
-2.300000e+01	4.939383e-04
-2.400000e+01	5.118653e-04
-2.500000e+01	5.285317e-04
-2.600000e+01	5.514347e-04
-2.700000e+01	5.628923e-04
-2.800000e+01	5.796077e-04
-2.900000e+01	5.914767e-04
-3.000000e+01	6.074403e-04
-3.100000e+01	6.198897e-04
-3.200000e+01	6.306400e-04
-3.300000e+01	6.449940e-04
-3.400000e+01	6.516787e-04
-3.500000e+01	6.620390e-04
-3.600000e+01	6.730957e-04
-3.700000e+01	6.815643e-04
-3.800000e+01	6.902860e-04
-3.900000e+01	6.971427e-04
-4.000000e+01	7.034240e-04
-4.100000e+01	7.068803e-04
-4.200000e+01	7.166420e-04
-4.300000e+01	7.180990e-04
-4.400000e+01	7.184393e-04
-4.500000e+01	7.278247e-04
-4.600000e+01	7.296783e-04
-4.700000e+01	7.325740e-04
-4.800000e+01	7.377353e-04
-4.900000e+01	7.399540e-04
-5.000000e+01	7.433763e-04
-5.100000e+01	7.446160e-04
-5.200000e+01	7.442743e-04
-5.300000e+01	7.481990e-04
-5.400000e+01	7.529633e-04
-5.500000e+01	7.500050e-04
-5.600000e+01	7.554560e-04
-5.700000e+01	7.579800e-04
-5.800000e+01	7.604747e-04
-5.900000e+01	7.599233e-04
-6.000000e+01	7.586567e-04
-6.500000e+01	7.676143e-04
-7.000000e+01	7.670617e-04
-7.500000e+01	7.697143e-04
-8.000000e+01	7.739140e-04
-8.500000e+01	7.747857e-04
-9.000000e+01	7.760400e-04
-9.500000e+01	7.791690e-04
-1.000000e+02	7.729703e-04
-1.050000e+02	7.772200e-04
-1.100000e+02	7.783203e-04
-1.150000e+02	7.783237e-04
-1.200000e+02	7.791273e-04
-1.250000e+02	7.806970e-04
-1.200000e+02	7.743293e-04
-1.150000e+02	7.780867e-04
-1.100000e+02	7.789027e-04
-1.050000e+02	7.765620e-04
-1.000000e+02	7.813953e-04
-9.500000e+01	7.734763e-04
-9.000000e+01	7.766400e-04
-8.500000e+01	7.736230e-04
-8.000000e+01	7.736867e-04
-7.500000e+01	7.716787e-04
-7.000000e+01	7.681417e-04
-6.500000e+01	7.623893e-04
-6.000000e+01	7.598117e-04
-5.900000e+01	7.592640e-04
-5.800000e+01	7.562867e-04
-5.700000e+01	7.543857e-04
-5.600000e+01	7.562097e-04
-5.500000e+01	7.517217e-04
-5.400000e+01	7.467267e-04
-5.300000e+01	7.460783e-04
-5.200000e+01	7.443350e-04
-5.100000e+01	7.438437e-04
-5.000000e+01	7.418200e-04
-4.900000e+01	7.379373e-04
-4.800000e+01	7.355303e-04
-4.700000e+01	7.299450e-04
-4.600000e+01	7.279423e-04
-4.500000e+01	7.267427e-04
-4.400000e+01	7.215973e-04
-4.300000e+01	7.161413e-04
-4.200000e+01	7.091180e-04
-4.100000e+01	7.060757e-04
-4.000000e+01	6.954123e-04
-3.900000e+01	6.946347e-04
-3.800000e+01	6.836787e-04
-3.700000e+01	6.794427e-04
-3.600000e+01	6.659440e-04
-3.500000e+01	6.585867e-04
-3.400000e+01	6.487473e-04
-3.300000e+01	6.400400e-04
-3.200000e+01	6.317037e-04
-3.100000e+01	6.145727e-04
-3.000000e+01	6.028650e-04
-2.900000e+01	5.871807e-04
-2.800000e+01	5.724513e-04
-2.700000e+01	5.591667e-04
-2.600000e+01	5.399753e-04
-2.500000e+01	5.206350e-04
-2.400000e+01	5.039337e-04
-2.300000e+01	4.848437e-04
-2.200000e+01	4.661737e-04
-2.100000e+01	4.451983e-04
-2.000000e+01	4.244860e-04
-1.900000e+01	4.005093e-04
-1.800000e+01	3.794587e-04
-1.700000e+01	3.545277e-04
-1.600000e+01	3.298763e-04
-1.500000e+01	3.023040e-04
-1.400000e+01	2.804063e-04
-1.300000e+01	2.537683e-04
-1.200000e+01	2.285033e-04
-1.100000e+01	1.991787e-04
-1.000000e+01	1.712290e-04
-9.000000e+00	1.417683e-04
-8.000000e+00	1.142507e-04
-7.000000e+00	8.438510e-05
-6.000000e+00	5.188740e-05
-5.000000e+00	2.343210e-05
-4.000000e+00	-9.204913e-06
-3.000000e+00	-3.731153e-05
-2.000000e+00	-7.325463e-05
-1.950000e+00	-7.211250e-05
-1.900000e+00	-7.412423e-05
-1.850000e+00	-7.823413e-05
-1.800000e+00	-7.835180e-05
-1.750000e+00	-7.958480e-05
-1.700000e+00	-8.203253e-05
-1.650000e+00	-8.326037e-05
-1.600000e+00	-8.393870e-05
-1.550000e+00	-8.758400e-05
-1.500000e+00	-8.937500e-05
-1.450000e+00	-9.261623e-05
-1.400000e+00	-9.278840e-05
-1.350000e+00	-9.553817e-05
-1.300000e+00	-9.881823e-05
-1.250000e+00	-9.337333e-05
-1.200000e+00	-9.785367e-05
-1.150000e+00	-9.957793e-05
-1.100000e+00	-1.018710e-04
-1.050000e+00	-1.042190e-04
-1.000000e+00	-1.054183e-04
-9.500000e-01	-1.065640e-04
-9.000000e-01	-1.087507e-04
-8.500000e-01	-1.113280e-04
-8.000000e-01	-1.076333e-04
-7.500000e-01	-1.151487e-04
-7.000000e-01	-1.143937e-04
-6.500000e-01	-1.193957e-04
-6.000000e-01	-1.163040e-04
-5.500000e-01	-1.202123e-04
-5.000000e-01	-1.230643e-04
-4.500000e-01	-1.226617e-04
-4.000000e-01	-1.252837e-04
-3.500000e-01	-1.263123e-04
-3.000000e-01	-1.252567e-04
-2.500000e-01	-1.263123e-04
-2.000000e-01	-1.259863e-04
-1.500000e-01	-1.316327e-04
-1.000000e-01	-1.344620e-04
-5.000000e-02	-1.364480e-04
0.000000e+00	-1.333097e-04
5.000000e-02	-1.353547e-04
1.000000e-01	-1.414333e-04
1.500000e-01	-1.389327e-04
2.000000e-01	-1.416573e-04
2.500000e-01	-1.476330e-04
3.000000e-01	-1.448383e-04
3.500000e-01	-1.492757e-04
4.000000e-01	-1.493260e-04
4.500000e-01	-1.508030e-04
5.000000e-01	-1.530820e-04
5.500000e-01	-1.530693e-04
6.000000e-01	-1.574957e-04
6.500000e-01	-1.544950e-04
7.000000e-01	-1.592780e-04
7.500000e-01	-1.614420e-04
8.000000e-01	-1.613113e-04
8.500000e-01	-1.637333e-04
9.000000e-01	-1.657007e-04
9.500000e-01	-1.641493e-04
1.000000e+00	-1.698237e-04
1.050000e+00	-1.692560e-04
1.100000e+00	-1.714510e-04
1.150000e+00	-1.735777e-04
1.200000e+00	-1.738833e-04
1.250000e+00	-1.789497e-04
1.300000e+00	-1.793310e-04
1.350000e+00	-1.842127e-04
1.400000e+00	-1.837377e-04
1.450000e+00	-1.854560e-04
1.500000e+00	-1.920387e-04
1.550000e+00	-1.903390e-04
1.600000e+00	-1.959093e-04
1.650000e+00	-2.087010e-04
1.700000e+00	-2.472243e-04
1.750000e+00	-2.849887e-04
1.800000e+00	-3.401187e-04
1.850000e+00	-3.695250e-04
1.900000e+00	-3.882383e-04
1.950000e+00	-4.305687e-04
2.000000e+00	-4.625447e-04
2.050000e+00	-5.477027e-04
2.100000e+00	-6.098957e-04
2.150000e+00	-6.423630e-04
2.200000e+00	-6.779350e-04
2.250000e+00	-6.936030e-04
2.300000e+00	-6.985047e-04
2.350000e+00	-7.085613e-04
2.400000e+00	-7.131383e-04
2.450000e+00	-7.150657e-04
2.500000e+00	-7.098010e-04
2.550000e+00	-7.134463e-04
2.600000e+00	-7.141610e-04
2.650000e+00	-7.189747e-04
2.700000e+00	-7.210813e-04
2.750000e+00	-7.218920e-04
2.800000e+00	-7.273033e-04
2.850000e+00	-7.258490e-04
2.900000e+00	-7.235757e-04
2.950000e+00	-7.302613e-04
3.000000e+00	-7.318967e-04
3.050000e+00	-7.329543e-04
3.100000e+00	-7.358873e-04
3.150000e+00	-7.400490e-04
3.200000e+00	-7.387097e-04
3.250000e+00	-7.405043e-04
3.300000e+00	-7.397947e-04
3.350000e+00	-7.424060e-04
3.400000e+00	-7.463307e-04
3.450000e+00	-7.445260e-04
3.500000e+00	-7.484713e-04
3.550000e+00	-7.469037e-04
3.600000e+00	-7.500853e-04
3.650000e+00	-7.543283e-04
3.700000e+00	-7.623280e-04
3.750000e+00	-7.581153e-04
3.800000e+00	-7.557550e-04
3.850000e+00	-7.568850e-04
3.900000e+00	-7.625143e-04
3.950000e+00	-7.646463e-04
4.000000e+00	-7.662860e-04
4.050000e+00	-7.661137e-04
4.100000e+00	-7.620317e-04
4.150000e+00	-7.704487e-04
4.200000e+00	-7.663733e-04
4.250000e+00	-7.792673e-04
4.300000e+00	-7.787350e-04
4.350000e+00	-7.663197e-04
4.400000e+00	-7.740577e-04
4.450000e+00	-7.828970e-04
4.500000e+00	-7.764203e-04
4.550000e+00	-7.873453e-04
4.600000e+00	-7.860523e-04
4.650000e+00	-7.810090e-04
4.700000e+00	-7.864567e-04
4.750000e+00	-7.875227e-04
4.800000e+00	-7.907127e-04
4.850000e+00	-7.936210e-04
4.900000e+00	-7.956197e-04
4.950000e+00	-7.938820e-04
5.000000e+00	-7.966217e-04
5.050000e+00	-7.975913e-04
5.100000e+00	-7.981193e-04
5.150000e+00	-7.967177e-04
5.200000e+00	-8.058553e-04
5.250000e+00	-8.048887e-04
5.300000e+00	-8.001587e-04
5.350000e+00	-8.025007e-04
5.400000e+00	-8.114103e-04
5.450000e+00	-8.169640e-04
5.500000e+00	-8.132143e-04
5.550000e+00	-8.135697e-04
5.600000e+00	-8.108670e-04
5.650000e+00	-8.191810e-04
5.700000e+00	-8.182727e-04
5.750000e+00	-8.302343e-04
5.800000e+00	-8.296427e-04
5.850000e+00	-8.265590e-04
5.900000e+00	-8.193080e-04
5.950000e+00	-8.287687e-04
6.000000e+00	-8.297363e-04
6.050000e+00	-8.325343e-04
6.100000e+00	-8.022267e-04
6.150000e+00	-8.380687e-04
6.200000e+00	-8.370407e-04
6.250000e+00	-8.604953e-04
6.300000e+00	-8.712107e-04
6.350000e+00	-8.458270e-04
6.400000e+00	-8.855140e-04
6.450000e+00	-8.949213e-04
6.500000e+00	-8.259367e-04
6.550000e+00	-8.255880e-04
6.600000e+00	-8.311180e-04
6.650000e+00	-9.084213e-04
6.700000e+00	-8.428280e-04
6.750000e+00	-8.271010e-04
6.800000e+00	-8.065357e-04
6.850000e+00	-8.321597e-04
6.900000e+00	-8.467340e-04
6.950000e+00	-8.988613e-04
7.000000e+00	-9.048157e-04
7.050000e+00	-7.906020e-04
7.100000e+00	-9.399763e-04
7.150000e+00	-9.297883e-04
7.200000e+00	-8.014717e-04
7.250000e+00	-8.754540e-04
7.300000e+00	-9.662130e-04
7.350000e+00	-8.313550e-04
7.400000e+00	-8.193490e-04
7.450000e+00	-9.676487e-04
7.500000e+00	-9.542887e-04
7.550000e+00	-8.940633e-04
7.600000e+00	-8.186543e-04
7.650000e+00	-8.388860e-04
7.700000e+00	-9.832673e-04
7.750000e+00	-9.803360e-04
7.800000e+00	-8.370430e-04
7.850000e+00	-9.322317e-04
7.900000e+00	-8.091407e-04
7.950000e+00	-8.440470e-04
8.000000e+00	-8.831197e-04
8.050000e+00	-9.160920e-04
8.100000e+00	-9.016060e-04
8.150000e+00	-8.656880e-04
8.200000e+00	-8.730477e-04
8.250000e+00	-8.615300e-04
8.300000e+00	-8.850650e-04
8.350000e+00	-8.966587e-04
8.400000e+00	-9.038797e-04
8.450000e+00	-8.725693e-04
8.500000e+00	-9.048100e-04
8.550000e+00	-9.105933e-04
8.600000e+00	-9.033053e-04
8.650000e+00	-9.001903e-04
8.700000e+00	-9.093507e-04
8.750000e+00	-9.120407e-04
8.800000e+00	-9.081453e-04
8.850000e+00	-9.110397e-04
8.900000e+00	-9.114187e-04
8.950000e+00	-9.177313e-04
9.000000e+00	-9.238557e-04
9.050000e+00	-9.295593e-04
9.100000e+00	-9.236640e-04
9.150000e+00	-9.269680e-04
9.200000e+00	-9.347260e-04
9.250000e+00	-9.281920e-04
9.300000e+00	-9.249090e-04
9.350000e+00	-9.252743e-04
9.400000e+00	-9.339303e-04
9.450000e+00	-9.366007e-04
9.500000e+00	-9.341700e-04
9.550000e+00	-9.380847e-04
9.600000e+00	-9.407320e-04
9.650000e+00	-9.397107e-04
9.700000e+00	-9.452480e-04
9.750000e+00	-9.458110e-04
9.800000e+00	-9.421593e-04
9.850000e+00	-9.518643e-04
9.900000e+00	-9.450913e-04
9.950000e+00	-9.503727e-04
1.000000e+01	-9.530757e-04
1.100000e+01	-9.785557e-04
1.200000e+01	-1.004832e-03
1.300000e+01	-1.035113e-03
1.400000e+01	-1.061583e-03
1.500000e+01	-1.086783e-03
1.600000e+01	-1.114310e-03
1.700000e+01	-1.136180e-03
1.800000e+01	-1.159980e-03
1.900000e+01	-1.181503e-03
2.000000e+01	-1.206350e-03
2.100000e+01	-1.220703e-03
2.200000e+01	-1.245963e-03
2.300000e+01	-1.265843e-03
2.400000e+01	-1.283810e-03
2.500000e+01	-1.298217e-03
2.600000e+01	-1.316640e-03
2.700000e+01	-1.332550e-03
2.800000e+01	-1.346700e-03
2.900000e+01	-1.354867e-03
3.000000e+01	-1.374057e-03
3.100000e+01	-1.388840e-03
3.200000e+01	-1.391603e-03
3.300000e+01	-1.405683e-03
3.400000e+01	-1.417780e-03
3.500000e+01	-1.423033e-03
3.600000e+01	-1.436573e-03
3.700000e+01	-1.439500e-03
3.800000e+01	-1.448413e-03
3.900000e+01	-1.455383e-03
4.000000e+01	-1.461077e-03
4.100000e+01	-1.468630e-03
4.200000e+01	-1.474860e-03
4.300000e+01	-1.474580e-03
4.400000e+01	-1.478197e-03
4.500000e+01	-1.483630e-03
4.600000e+01	-1.486777e-03
4.700000e+01	-1.490697e-03
4.800000e+01	-1.492617e-03
4.900000e+01	-1.496370e-03
5.000000e+01	-1.493927e-03
5.100000e+01	-1.499633e-03
5.200000e+01	-1.500160e-03
5.300000e+01	-1.501843e-03
5.400000e+01	-1.502550e-03
5.500000e+01	-1.505133e-03
5.600000e+01	-1.504707e-03
5.700000e+01	-1.506417e-03
5.800000e+01	-1.508880e-03
5.900000e+01	-1.513633e-03
6.000000e+01	-1.507653e-03
6.500000e+01	-1.515700e-03
7.000000e+01	-1.521387e-03
7.500000e+01	-1.518997e-03
8.000000e+01	-1.520073e-03
8.500000e+01	-1.520813e-03
9.000000e+01	-1.522077e-03
9.500000e+01	-1.521577e-03
1.000000e+02	-1.527813e-03
1.050000e+02	-1.520947e-03
1.100000e+02	-1.523373e-03
1.150000e+02	-1.520363e-03
1.200000e+02	-1.522023e-03
