Magnetic field (mT)	 Magnetization (arb. units)
1.200000e+02	-3.064930e-03
1.150000e+02	-3.066807e-03
1.100000e+02	-3.060737e-03
1.050000e+02	-3.065437e-03
1.000000e+02	-3.061973e-03
9.500000e+01	-3.061483e-03
9.000000e+01	-3.060427e-03
8.500000e+01	-3.059993e-03
8.000000e+01	-3.063097e-03
7.500000e+01	-3.060173e-03
7.000000e+01	-3.061280e-03
6.500000e+01	-3.059383e-03
6.000000e+01	-3.058870e-03
5.500000e+01	-3.059677e-03
5.000000e+01	-3.055880e-03
4.500000e+01	-3.055107e-03
4.000000e+01	-3.055470e-03
3.500000e+01	-3.053263e-03
3.000000e+01	-3.052500e-03
2.900000e+01	-3.048813e-03
2.800000e+01	-3.048960e-03
2.700000e+01	-3.047027e-03
2.600000e+01	-3.050473e-03
2.500000e+01	-3.047660e-03
2.400000e+01	-3.050157e-03
2.300000e+01	-3.044507e-03
2.200000e+01	-3.042400e-03
2.100000e+01	-3.039240e-03
2.000000e+01	-3.041167e-03
1.900000e+01	-3.040940e-03
1.800000e+01	-3.036547e-03
1.700000e+01	-3.036277e-03
1.600000e+01	-3.037703e-03
1.500000e+01	-3.038043e-03
1.400000e+01	-3.039230e-03
1.300000e+01	-3.037640e-03
1.200000e+01	-3.034060e-03
1.100000e+01	-3.030357e-03
1.000000e+01	-3.023770e-03
9.000000e+00	-3.018430e-03
8.000000e+00	-3.009177e-03
7.000000e+00	-3.005517e-03
6.000000e+00	-2.999573e-03
5.000000e+00	-2.993500e-03
4.750000e+00	-2.993990e-03
4.500000e+00	-2.987737e-03
4.250000e+00	-2.987470e-03
4.000000e+00	-2.989877e-03
3.750000e+00	-2.989913e-03
3.500000e+00	-2.985600e-03
3.250000e+00	-2.988073e-03
3.000000e+00	-2.980927e-03
2.750000e+00	-2.980793e-03
2.500000e+00	-2.978380e-03
2.250000e+00	-2.976513e-03
2.000000e+00	-2.975243e-03
1.750000e+00	-2.972257e-03
1.500000e+00	-2.970433e-03
1.250000e+00	-2.963043e-03
1.000000e+00	-2.961580e-03
9.500000e-01	-2.962500e-03
9.000000e-01	-2.960343e-03
8.500000e-01	-2.963813e-03
8.000000e-01	-2.958243e-03
7.500000e-01	-2.957730e-03
7.000000e-01	-2.955343e-03
6.500000e-01	-2.956500e-03
6.000000e-01	-2.955667e-03
5.500000e-01	-2.952943e-03
5.000000e-01	-2.949520e-03
4.500000e-01	-2.950130e-03
4.000000e-01	-2.944860e-03
3.500000e-01	-2.946890e-03
3.000000e-01	-2.944467e-03
2.500000e-01	-2.073740e-03
2.000000e-01	-1.604127e-03
1.500000e-01	-1.521283e-03
1.000000e-01	-1.466847e-03
5.000000e-02	-1.390177e-03
0.000000e+00	-1.326540e-03
-5.000000e-02	-1.275443e-03
-1.000000e-01	-1.200183e-03
-1.500000e-01	-1.126310e-03
-2.000000e-01	-1.070527e-03
-2.500000e-01	-1.050363e-03
-3.000000e-01	-1.035357e-03
-3.500000e-01	-1.021220e-03
-4.000000e-01	-1.015370e-03
-4.500000e-01	-1.009677e-03
-5.000000e-01	-1.006043e-03
-5.500000e-01	-9.970677e-04
-6.000000e-01	-9.965267e-04
-6.500000e-01	-9.894490e-04
-7.000000e-01	-9.876237e-04
-7.500000e-01	-9.794620e-04
-8.000000e-01	-9.726527e-04
-8.500000e-01	-9.719603e-04
-9.000000e-01	-9.656787e-04
-9.500000e-01	-9.600157e-04
-1.000000e+00	-9.564663e-04
-1.050000e+00	-9.522590e-04
-1.100000e+00	-9.467840e-04
-1.150000e+00	-9.447810e-04
-1.200000e+00	-9.394987e-04
-1.250000e+00	-9.345993e-04
-1.300000e+00	-9.309610e-04
-1.350000e+00	-9.247137e-04
-1.400000e+00	-9.196280e-04
-1.450000e+00	-9.149170e-04
-1.500000e+00	-9.095933e-04
-1.550000e+00	-9.059467e-04
-1.600000e+00	-8.988303e-04
-1.650000e+00	-8.953777e-04
-1.700000e+00	-8.896370e-04
-1.750000e+00	-8.836517e-04
-1.800000e+00	-8.772833e-04
-1.850000e+00	-8.737983e-04
-1.900000e+00	-8.675470e-04
-1.950000e+00	-8.587257e-04
-2.000000e+00	-8.555547e-04
-2.050000e+00	-7.799607e-04
-2.100000e+00	-6.827547e-04
-2.150000e+00	-6.239287e-04
-2.200000e+00	-5.332730e-04
-2.250000e+00	-4.092140e-04
-2.300000e+00	-2.958370e-04
-2.350000e+00	-1.842677e-04
-2.400000e+00	-1.277043e-04
-2.450000e+00	-1.063283e-05
-2.500000e+00	5.536370e-05
-2.550000e+00	1.420397e-04
-2.600000e+00	1.920033e-04
-2.650000e+00	2.255223e-04
-2.700000e+00	2.586483e-04
-2.750000e+00	2.790403e-04
-2.800000e+00	2.812577e-04
-2.850000e+00	2.853933e-04
-2.900000e+00	2.885707e-04
-2.950000e+00	2.864513e-04
-3.000000e+00	2.894470e-04
-3.050000e+00	2.928150e-04
-3.100000e+00	2.905090e-04
-3.150000e+00	2.901977e-04
-3.200000e+00	2.928843e-04
-3.250000e+00	2.906020e-04
-3.300000e+00	2.921117e-04
-3.350000e+00	2.931807e-04
-3.400000e+00	2.903707e-04
-3.450000e+00	2.925143e-04
-3.500000e+00	2.927697e-04
-3.550000e+00	2.922223e-04
-3.600000e+00	2.925967e-04
-3.650000e+00	2.911710e-04
-3.700000e+00	2.947487e-04
-3.750000e+00	2.929253e-04
-3.800000e+00	2.961183e-04
-3.850000e+00	2.962977e-04
-3.900000e+00	2.980387e-04
-3.950000e+00	2.976083e-04
-4.000000e+00	3.016297e-04
-4.050000e+00	3.004917e-04
-4.100000e+00	2.990943e-04
-4.150000e+00	3.020730e-04
-4.200000e+00	3.021207e-04
-4.250000e+00	3.005243e-04
-4.300000e+00	3.014197e-04
-4.350000e+00	3.014067e-04
-4.400000e+00	3.004073e-04
-4.450000e+00	3.017290e-04
-4.500000e+00	3.036650e-04
-4.550000e+00	3.006493e-04
-4.600000e+00	3.009377e-04
-4.650000e+00	2.983760e-04
-4.700000e+00	2.972950e-04
-4.750000e+00	3.009653e-04
-4.800000e+00	2.993930e-04
-4.850000e+00	3.019307e-04
-4.900000e+00	2.972127e-04
-4.950000e+00	2.983090e-04
-5.000000e+00	2.985453e-04
-5.250000e+00	3.009590e-04
-5.500000e+00	2.993563e-04
-5.750000e+00	3.026527e-04
-6.000000e+00	3.028537e-04
-6.250000e+00	3.047010e-04
-6.500000e+00	3.047100e-04
-6.750000e+00	3.035983e-04
-7.000000e+00	3.072647e-04
-7.250000e+00	3.041777e-04
-7.500000e+00	3.070763e-04
-7.750000e+00	3.058390e-04
-8.000000e+00	3.058907e-04
-8.250000e+00	3.062023e-04
-8.500000e+00	3.052853e-04
-8.750000e+00	3.067607e-04
-9.000000e+00	3.054757e-04
-9.250000e+00	3.091680e-04
-9.500000e+00	3.068403e-04
-9.750000e+00	3.092370e-04
-1.000000e+01	3.095097e-04
-1.100000e+01	3.136327e-04
-1.200000e+01	3.134100e-04
-1.300000e+01	3.136997e-04
-1.400000e+01	3.177837e-04
-1.500000e+01	3.208943e-04
-1.600000e+01	3.210977e-04
-1.700000e+01	3.219997e-04
-1.800000e+01	3.248983e-04
-1.900000e+01	3.244373e-04
-2.000000e+01	3.245783e-04
-2.100000e+01	3.263970e-04
-2.200000e+01	3.265380e-04
-2.300000e+01	3.271263e-04
-2.400000e+01	3.289583e-04
-2.500000e+01	3.282420e-04
-2.600000e+01	3.334600e-04
-2.700000e+01	3.329317e-04
-2.800000e+01	3.320233e-04
-2.900000e+01	3.361270e-04
-3.000000e+01	3.332760e-04
-3.500000e+01	3.376777e-04
-4.000000e+01	3.344830e-04
-4.500000e+01	3.383700e-04
-5.000000e+01	3.361483e-04
-5.500000e+01	3.395727e-04
-6.000000e+01	3.365443e-04
-6.500000e+01	3.377860e-04
-7.000000e+01	3.363777e-04
-7.500000e+01	3.401783e-04
-8.000000e+01	3.354220e-04
-8.500000e+01	3.384480e-04
-9.000000e+01	3.364363e-04
-9.500000e+01	3.354760e-04
-1.000000e+02	3.364363e-04
-1.050000e+02	3.373187e-04
-1.100000e+02	3.367997e-04
-1.150000e+02	3.359690e-04
-1.200000e+02	3.375350e-04
-1.150000e+02	3.363453e-04
-1.100000e+02	3.356577e-04
-1.050000e+02	3.347060e-04
-1.000000e+02	3.351513e-04
-9.500000e+01	3.345110e-04
-9.000000e+01	3.372087e-04
-8.500000e+01	3.352163e-04
-8.000000e+01	3.338403e-04
-7.500000e+01	3.309290e-04
-7.000000e+01	3.355753e-04
-6.500000e+01	3.338623e-04
-6.000000e+01	3.355280e-04
-5.500000e+01	3.336870e-04
-5.000000e+01	3.349977e-04
-4.500000e+01	3.332867e-04
-4.000000e+01	3.347013e-04
-3.500000e+01	3.332693e-04
-3.000000e+01	3.336220e-04
-2.900000e+01	3.346950e-04
-2.800000e+01	3.288007e-04
-2.700000e+01	3.306047e-04
-2.600000e+01	3.314870e-04
-2.500000e+01	3.289930e-04
-2.400000e+01	3.283353e-04
-2.300000e+01	3.275090e-04
-2.200000e+01	3.266437e-04
-2.100000e+01	3.264537e-04
-2.000000e+01	3.270937e-04
-1.900000e+01	3.269143e-04
-1.800000e+01	3.221987e-04
-1.700000e+01	3.218830e-04
-1.600000e+01	3.212340e-04
-1.500000e+01	3.189193e-04
-1.400000e+01	3.168640e-04
-1.300000e+01	3.180193e-04
-1.200000e+01	3.158087e-04
-1.100000e+01	3.170680e-04
-1.000000e+01	3.122050e-04
-9.000000e+00	3.106690e-04
-8.000000e+00	3.106237e-04
-7.000000e+00	3.043790e-04
-6.000000e+00	3.042640e-04
-5.000000e+00	3.011193e-04
-4.750000e+00	2.994340e-04
-4.500000e+00	2.992437e-04
-4.250000e+00	2.948527e-04
-4.000000e+00	2.950927e-04
-3.750000e+00	2.933277e-04
-3.500000e+00	2.944743e-04
-3.250000e+00	2.904767e-04
-3.000000e+00	2.872470e-04
-2.750000e+00	2.884280e-04
-2.500000e+00	2.856290e-04
-2.250000e+00	2.840133e-04
-2.000000e+00	2.793453e-04
-1.750000e+00	2.809480e-04
-1.500000e+00	2.757827e-04
-1.250000e+00	2.724360e-04
-1.000000e+00	2.718350e-04
-9.500000e-01	2.717267e-04
-9.000000e-01	2.699530e-04
-8.500000e-01	2.731523e-04
-8.000000e-01	2.729900e-04
-7.500000e-01	2.731220e-04
-7.000000e-01	2.704937e-04
-6.500000e-01	2.744177e-04
-6.000000e-01	2.713220e-04
-5.500000e-01	2.750450e-04
-5.000000e-01	2.693347e-04
-4.500000e-01	2.722803e-04
-4.000000e-01	2.687633e-04
-3.500000e-01	2.719627e-04
-3.000000e-01	2.706493e-04
-2.500000e-01	2.694963e-04
-2.000000e-01	2.695573e-04
-1.500000e-01	2.670957e-04
-1.000000e-01	2.687917e-04
-5.000000e-02	2.672470e-04
0.000000e+00	2.688780e-04
5.000000e-02	2.673680e-04
1.000000e-01	2.648157e-04
1.500000e-01	2.652830e-04
2.000000e-01	2.643853e-04
2.500000e-01	2.666867e-04
3.000000e-01	2.656983e-04
3.500000e-01	2.652417e-04
4.000000e-01	2.634270e-04
4.500000e-01	2.635957e-04
5.000000e-01	2.622847e-04
5.500000e-01	2.641927e-04
6.000000e-01	2.584993e-04
6.500000e-01	2.601323e-04
7.000000e-01	2.220723e-04
7.500000e-01	-1.076939e-04
8.000000e-01	-2.386226e-04
8.500000e-01	-3.286277e-04
9.000000e-01	-4.155805e-04
9.500000e-01	-5.501166e-04
1.000000e+00	-6.456992e-04
1.050000e+00	-7.270567e-04
1.100000e+00	-1.093344e-03
1.150000e+00	-1.186733e-03
1.200000e+00	-1.283500e-03
1.250000e+00	-1.413413e-03
1.300000e+00	-1.568340e-03
1.350000e+00	-1.715680e-03
1.400000e+00	-1.788043e-03
1.450000e+00	-1.821710e-03
1.500000e+00	-1.845677e-03
1.550000e+00	-1.866900e-03
1.600000e+00	-1.941947e-03
1.650000e+00	-2.093563e-03
1.700000e+00	-2.229737e-03
1.750000e+00	-2.349057e-03
1.800000e+00	-2.455147e-03
1.850000e+00	-2.729293e-03
1.900000e+00	-2.905177e-03
1.950000e+00	-2.949173e-03
2.000000e+00	-2.962737e-03
2.050000e+00	-2.965873e-03
2.100000e+00	-2.966187e-03
2.150000e+00	-2.969483e-03
2.200000e+00	-2.971437e-03
2.250000e+00	-2.976113e-03
2.300000e+00	-2.972343e-03
2.350000e+00	-2.973753e-03
2.400000e+00	-2.972157e-03
2.450000e+00	-2.973770e-03
2.500000e+00	-2.974900e-03
2.550000e+00	-2.976263e-03
2.600000e+00	-2.974997e-03
2.650000e+00	-2.979430e-03
2.700000e+00	-2.978220e-03
2.750000e+00	-2.978997e-03
2.800000e+00	-2.979430e-03
2.850000e+00	-2.978587e-03
2.900000e+00	-2.981830e-03
2.950000e+00	-2.982727e-03
3.000000e+00	-2.982997e-03
3.050000e+00	-2.983203e-03
3.100000e+00	-2.984727e-03
3.150000e+00	-2.986690e-03
3.200000e+00	-2.986357e-03
3.250000e+00	-2.985740e-03
3.300000e+00	-2.991043e-03
3.350000e+00	-2.989420e-03
3.400000e+00	-2.993463e-03
3.450000e+00	-2.989097e-03
3.500000e+00	-2.992020e-03
3.550000e+00	-2.988937e-03
3.600000e+00	-2.992397e-03
3.650000e+00	-2.992113e-03
3.700000e+00	-2.989837e-03
3.750000e+00	-2.992347e-03
3.800000e+00	-2.991370e-03
3.850000e+00	-2.989577e-03
3.900000e+00	-2.994487e-03
3.950000e+00	-2.991837e-03
4.000000e+00	-2.994597e-03
4.050000e+00	-2.992277e-03
4.100000e+00	-2.996753e-03
4.150000e+00	-2.992823e-03
4.200000e+00	-2.992950e-03
4.250000e+00	-2.995897e-03
4.300000e+00	-2.996937e-03
4.350000e+00	-2.994970e-03
4.400000e+00	-2.999210e-03
4.450000e+00	-2.995893e-03
4.500000e+00	-2.998510e-03
4.550000e+00	-2.996233e-03
4.600000e+00	-3.000057e-03
4.650000e+00	-3.000460e-03
4.700000e+00	-2.997973e-03
4.750000e+00	-2.996687e-03
4.800000e+00	-2.998430e-03
4.850000e+00	-2.994540e-03
4.900000e+00	-2.998740e-03
4.950000e+00	-2.997117e-03
5.000000e+00	-2.995700e-03
5.250000e+00	-2.994523e-03
5.500000e+00	-2.998840e-03
5.750000e+00	-2.998540e-03
6.000000e+00	-3.001780e-03
6.250000e+00	-3.002057e-03
6.500000e+00	-3.002943e-03
6.750000e+00	-3.004227e-03
7.000000e+00	-3.008000e-03
7.250000e+00	-3.008183e-03
7.500000e+00	-3.009477e-03
7.750000e+00	-3.011557e-03
8.000000e+00	-3.009433e-03
8.250000e+00	-3.016317e-03
8.500000e+00	-3.021260e-03
8.750000e+00	-3.026137e-03
9.000000e+00	-3.027933e-03
9.250000e+00	-3.031760e-03
9.500000e+00	-3.029357e-03
9.750000e+00	-3.025890e-03
1.000000e+01	-3.025297e-03
1.100000e+01	-3.025980e-03
1.200000e+01	-3.028163e-03
1.300000e+01	-3.032500e-03
1.400000e+01	-3.034460e-03
1.500000e+01	-3.038610e-03
1.600000e+01	-3.041073e-03
1.700000e+01	-3.044847e-03
1.800000e+01	-3.042143e-03
1.900000e+01	-3.047470e-03
2.000000e+01	-3.046020e-03
2.100000e+01	-3.048587e-03
2.200000e+01	-3.047863e-03
2.300000e+01	-3.050633e-03
2.400000e+01	-3.054420e-03
2.500000e+01	-3.052723e-03
2.600000e+01	-3.054867e-03
2.700000e+01	-3.055023e-03
2.800000e+01	-3.052877e-03
2.900000e+01	-3.053960e-03
3.000000e+01	-3.052437e-03
3.500000e+01	-3.057320e-03
4.000000e+01	-3.057843e-03
4.500000e+01	-3.059197e-03
5.000000e+01	-3.057220e-03
5.500000e+01	-3.057177e-03
6.000000e+01	-3.058553e-03
6.500000e+01	-3.058107e-03
7.000000e+01	-3.060153e-03
7.500000e+01	-3.057630e-03
8.000000e+01	-3.059973e-03
8.500000e+01	-3.060510e-03
9.000000e+01	-3.058863e-03
9.500000e+01	-3.060003e-03
1.000000e+02	-3.062343e-03
1.050000e+02	-3.057930e-03
1.100000e+02	-3.062247e-03
1.150000e+02	-3.062577e-03
1.200000e+02	-3.064313e-03
