Magnetic field (mT)	 Magnetization (arb. units)
1.200000e+02	-2.974310e-03
1.150000e+02	-2.975287e-03
1.100000e+02	-2.972493e-03
1.050000e+02	-2.977560e-03
1.000000e+02	-2.978237e-03
9.500000e+01	-2.972757e-03
9.000000e+01	-2.976770e-03
8.500000e+01	-2.976233e-03
8.000000e+01	-2.979207e-03
7.500000e+01	-2.977060e-03
7.000000e+01	-2.977360e-03
6.500000e+01	-2.979120e-03
6.000000e+01	-2.974800e-03
5.500000e+01	-2.976600e-03
5.000000e+01	-2.975193e-03
4.500000e+01	-2.980477e-03
4.000000e+01	-2.974867e-03
3.500000e+01	-2.975503e-03
3.000000e+01	-2.973463e-03
2.900000e+01	-2.971513e-03
2.800000e+01	-2.976393e-03
2.700000e+01	-2.972863e-03
2.600000e+01	-2.974607e-03
2.500000e+01	-2.970180e-03
2.400000e+01	-2.971400e-03
2.300000e+01	-2.973250e-03
2.200000e+01	-2.972227e-03
2.100000e+01	-2.974690e-03
2.000000e+01	-2.974143e-03
1.900000e+01	-2.973757e-03
1.800000e+01	-2.974710e-03
1.700000e+01	-2.972687e-03
1.600000e+01	-2.973557e-03
1.500000e+01	-2.972303e-03
1.400000e+01	-2.968370e-03
1.300000e+01	-2.971140e-03
1.200000e+01	-2.969690e-03
1.100000e+01	-2.969097e-03
1.000000e+01	-2.971270e-03
9.000000e+00	-2.971130e-03
8.000000e+00	-2.961840e-03
7.000000e+00	-2.968440e-03
6.000000e+00	-2.965620e-03
5.000000e+00	-2.965550e-03
4.750000e+00	-2.964037e-03
4.500000e+00	-2.961237e-03
4.250000e+00	-2.962447e-03
4.000000e+00	-2.965840e-03
3.750000e+00	-2.960607e-03
3.500000e+00	-2.965757e-03
3.250000e+00	-2.963627e-03
3.000000e+00	-2.961667e-03
2.750000e+00	-2.968337e-03
2.500000e+00	-2.959077e-03
2.250000e+00	-2.964250e-03
2.000000e+00	-2.958110e-03
1.750000e+00	-2.961847e-03
1.500000e+00	-2.960010e-03
1.250000e+00	-2.961170e-03
1.000000e+00	-2.956960e-03
9.500000e-01	-2.958530e-03
9.000000e-01	-2.960280e-03
8.500000e-01	-2.958267e-03
8.000000e-01	-2.957147e-03
7.500000e-01	-2.957477e-03
7.000000e-01	-2.960943e-03
6.500000e-01	-2.955473e-03
6.000000e-01	-2.955330e-03
5.500000e-01	-2.953737e-03
5.000000e-01	-2.950880e-03
4.500000e-01	-2.950603e-03
4.000000e-01	-2.945893e-03
3.500000e-01	-2.950067e-03
3.000000e-01	-2.559820e-03
2.500000e-01	-1.743187e-03
2.000000e-01	-1.694353e-03
1.500000e-01	-1.618853e-03
1.000000e-01	-1.543690e-03
5.000000e-02	-1.492267e-03
0.000000e+00	-1.452347e-03
-5.000000e-02	-1.403493e-03
-1.000000e-01	-1.345310e-03
-1.500000e-01	-1.280677e-03
-2.000000e-01	-1.233493e-03
-2.500000e-01	-1.215127e-03
-3.000000e-01	-1.205377e-03
-3.500000e-01	-1.192570e-03
-4.000000e-01	-1.186017e-03
-4.500000e-01	-1.179823e-03
-5.000000e-01	-1.175020e-03
-5.500000e-01	-1.166983e-03
-6.000000e-01	-1.160213e-03
-6.500000e-01	-1.160887e-03
-7.000000e-01	-1.148107e-03
-7.500000e-01	-1.144063e-03
-8.000000e-01	-1.139147e-03
-8.500000e-01	-1.136450e-03
-9.000000e-01	-1.131117e-03
-9.500000e-01	-1.119213e-03
-1.000000e+00	-1.118087e-03
-1.050000e+00	-1.116737e-03
-1.100000e+00	-1.103813e-03
-1.150000e+00	-1.102277e-03
-1.200000e+00	-1.094850e-03
-1.250000e+00	-1.089083e-03
-1.300000e+00	-1.084080e-03
-1.350000e+00	-1.082683e-03
-1.400000e+00	-1.074770e-03
-1.450000e+00	-1.070977e-03
-1.500000e+00	-1.046203e-03
-1.550000e+00	-9.449627e-04
-1.600000e+00	-8.157710e-04
-1.650000e+00	-6.629710e-04
-1.700000e+00	-4.844583e-04
-1.750000e+00	-2.696933e-04
-1.800000e+00	-9.612543e-05
-1.850000e+00	4.924427e-05
-1.900000e+00	1.744343e-04
-1.950000e+00	2.632860e-04
-2.000000e+00	3.344357e-04
-2.050000e+00	3.774640e-04
-2.100000e+00	3.925060e-04
-2.150000e+00	3.961033e-04
-2.200000e+00	3.977277e-04
-2.250000e+00	3.939687e-04
-2.300000e+00	3.943187e-04
-2.350000e+00	3.914483e-04
-2.400000e+00	4.041393e-04
-2.450000e+00	3.946090e-04
-2.500000e+00	3.998087e-04
-2.550000e+00	4.062790e-04
-2.600000e+00	4.048880e-04
-2.650000e+00	4.063327e-04
-2.700000e+00	4.044317e-04
-2.750000e+00	4.092597e-04
-2.800000e+00	4.028720e-04
-2.850000e+00	4.069473e-04
-2.900000e+00	4.101897e-04
-2.950000e+00	4.030837e-04
-3.000000e+00	4.059220e-04
-3.050000e+00	4.062463e-04
-3.100000e+00	4.088313e-04
-3.150000e+00	4.036727e-04
-3.200000e+00	4.072370e-04
-3.250000e+00	3.983767e-04
-3.300000e+00	3.953337e-04
-3.350000e+00	4.015457e-04
-3.400000e+00	3.982427e-04
-3.450000e+00	3.968563e-04
-3.500000e+00	3.990237e-04
-3.550000e+00	3.999320e-04
-3.600000e+00	3.998177e-04
-3.650000e+00	3.916473e-04
-3.700000e+00	3.976890e-04
-3.750000e+00	3.911043e-04
-3.800000e+00	3.976093e-04
-3.850000e+00	3.938020e-04
-3.900000e+00	3.988507e-04
-3.950000e+00	3.961467e-04
-4.000000e+00	3.991537e-04
-4.050000e+00	3.991103e-04
-4.100000e+00	3.997307e-04
-4.150000e+00	4.022767e-04
-4.200000e+00	3.996597e-04
-4.250000e+00	3.988483e-04
-4.300000e+00	3.992897e-04
-4.350000e+00	4.009447e-04
-4.400000e+00	3.976910e-04
-4.450000e+00	4.005160e-04
-4.500000e+00	4.011157e-04
-4.550000e+00	4.019590e-04
-4.600000e+00	4.014960e-04
-4.650000e+00	4.033540e-04
-4.700000e+00	3.997373e-04
-4.750000e+00	4.013770e-04
-4.800000e+00	4.051517e-04
-4.850000e+00	3.993283e-04
-4.900000e+00	4.028027e-04
-4.950000e+00	4.013317e-04
-5.000000e+00	4.009770e-04
-5.250000e+00	4.058657e-04
-5.500000e+00	4.047580e-04
-5.750000e+00	4.072307e-04
-6.000000e+00	4.053723e-04
-6.250000e+00	4.055283e-04
-6.500000e+00	4.038710e-04
-6.750000e+00	4.064497e-04
-7.000000e+00	4.048727e-04
-7.250000e+00	4.070033e-04
-7.500000e+00	4.032763e-04
-7.750000e+00	4.090003e-04
-8.000000e+00	4.073690e-04
-8.250000e+00	4.065320e-04
-8.500000e+00	4.092140e-04
-8.750000e+00	4.067827e-04
-9.000000e+00	4.081563e-04
-9.250000e+00	4.087253e-04
-9.500000e+00	4.081780e-04
-9.750000e+00	4.096963e-04
-1.000000e+01	4.083490e-04
-1.100000e+01	4.119263e-04
-1.200000e+01	4.099710e-04
-1.300000e+01	4.101510e-04
-1.400000e+01	4.082667e-04
-1.500000e+01	4.135293e-04
-1.600000e+01	4.089420e-04
-1.700000e+01	4.105660e-04
-1.800000e+01	4.122510e-04
-1.900000e+01	4.085823e-04
-2.000000e+01	4.054420e-04
-2.100000e+01	4.114337e-04
-2.200000e+01	4.086603e-04
-2.300000e+01	4.091923e-04
-2.400000e+01	4.077713e-04
-2.500000e+01	4.111047e-04
-2.600000e+01	4.073907e-04
-2.700000e+01	4.098847e-04
-2.800000e+01	4.089870e-04
-2.900000e+01	4.065817e-04
-3.000000e+01	4.080547e-04
-3.500000e+01	4.114313e-04
-4.000000e+01	4.112713e-04
-4.500000e+01	4.091927e-04
-5.000000e+01	4.077733e-04
-5.500000e+01	4.082837e-04
-6.000000e+01	4.076157e-04
-6.500000e+01	4.103583e-04
-7.000000e+01	4.095040e-04
-7.500000e+01	4.082970e-04
-8.000000e+01	4.125213e-04
-8.500000e+01	4.125887e-04
-9.000000e+01	4.139773e-04
-9.500000e+01	4.162137e-04
-1.000000e+02	4.135553e-04
-1.050000e+02	4.119613e-04
-1.100000e+02	4.093913e-04
-1.150000e+02	4.091037e-04
-1.200000e+02	4.105140e-04
-1.150000e+02	4.063610e-04
-1.100000e+02	4.076890e-04
-1.050000e+02	4.042260e-04
-1.000000e+02	4.040117e-04
-9.500000e+01	4.075720e-04
-9.000000e+01	4.006570e-04
-8.500000e+01	4.037737e-04
-8.000000e+01	4.041937e-04
-7.500000e+01	4.063133e-04
-7.000000e+01	4.083423e-04
-6.500000e+01	4.095690e-04
-6.000000e+01	4.111937e-04
-5.500000e+01	4.086997e-04
-5.000000e+01	4.103757e-04
-4.500000e+01	4.117383e-04
-4.000000e+01	4.095993e-04
-3.500000e+01	4.104343e-04
-3.000000e+01	4.085200e-04
-2.900000e+01	4.102873e-04
-2.800000e+01	4.091947e-04
-2.700000e+01	4.098673e-04
-2.600000e+01	4.111630e-04
-2.500000e+01	4.120693e-04
-2.400000e+01	4.133263e-04
-2.300000e+01	4.163590e-04
-2.200000e+01	4.117080e-04
-2.100000e+01	4.158483e-04
-2.000000e+01	4.122790e-04
-1.900000e+01	4.123937e-04
-1.800000e+01	4.120130e-04
-1.700000e+01	4.105837e-04
-1.600000e+01	4.111457e-04
-1.500000e+01	4.129387e-04
-1.400000e+01	4.077540e-04
-1.300000e+01	4.082063e-04
-1.200000e+01	4.081843e-04
-1.100000e+01	4.083313e-04
-1.000000e+01	4.048793e-04
-9.000000e+00	4.075443e-04
-8.000000e+00	4.079487e-04
-7.000000e+00	4.059283e-04
-6.000000e+00	4.038107e-04
-5.000000e+00	4.054133e-04
-4.750000e+00	4.034950e-04
-4.500000e+00	4.014807e-04
-4.250000e+00	4.037457e-04
-4.000000e+00	4.010223e-04
-3.750000e+00	3.988873e-04
-3.500000e+00	3.997350e-04
-3.250000e+00	3.992120e-04
-3.000000e+00	3.992293e-04
-2.750000e+00	3.997460e-04
-2.500000e+00	3.969580e-04
-2.250000e+00	3.995707e-04
-2.000000e+00	3.982063e-04
-1.750000e+00	3.953723e-04
-1.500000e+00	3.990647e-04
-1.250000e+00	4.000037e-04
-1.000000e+00	3.983920e-04
-9.500000e-01	3.987903e-04
-9.000000e-01	3.963370e-04
-8.500000e-01	4.007153e-04
-8.000000e-01	3.969213e-04
-7.500000e-01	4.002590e-04
-7.000000e-01	3.985913e-04
-6.500000e-01	3.977170e-04
-6.000000e-01	3.984917e-04
-5.500000e-01	3.974533e-04
-5.000000e-01	3.973667e-04
-4.500000e-01	3.987467e-04
-4.000000e-01	3.961230e-04
-3.500000e-01	3.969407e-04
-3.000000e-01	3.944750e-04
-2.500000e-01	3.948013e-04
-2.000000e-01	3.966313e-04
-1.500000e-01	3.977820e-04
-1.000000e-01	3.939513e-04
-5.000000e-02	3.950870e-04
0.000000e+00	3.946673e-04
5.000000e-02	3.951927e-04
1.000000e-01	3.933347e-04
1.500000e-01	3.965273e-04
2.000000e-01	3.973407e-04
2.500000e-01	3.959933e-04
3.000000e-01	3.955800e-04
3.500000e-01	3.986190e-04
4.000000e-01	3.939920e-04
4.500000e-01	3.957357e-04
5.000000e-01	3.962287e-04
5.500000e-01	3.924997e-04
6.000000e-01	3.909013e-04
6.500000e-01	3.929583e-04
7.000000e-01	3.924283e-04
7.500000e-01	3.741200e-04
8.000000e-01	-1.040273e-04
8.500000e-01	-8.971153e-04
9.000000e-01	-1.041200e-03
9.500000e-01	-1.123730e-03
1.000000e+00	-1.179570e-03
1.050000e+00	-1.246347e-03
1.100000e+00	-1.296903e-03
1.150000e+00	-1.314333e-03
1.200000e+00	-1.352530e-03
1.250000e+00	-1.442023e-03
1.300000e+00	-1.531663e-03
1.350000e+00	-1.590883e-03
1.400000e+00	-1.690627e-03
1.450000e+00	-1.858157e-03
1.500000e+00	-1.980960e-03
1.550000e+00	-2.310863e-03
1.600000e+00	-2.474933e-03
1.650000e+00	-2.641330e-03
1.700000e+00	-2.814490e-03
1.750000e+00	-2.906960e-03
1.800000e+00	-2.916683e-03
1.850000e+00	-2.937127e-03
1.900000e+00	-2.951600e-03
1.950000e+00	-2.955160e-03
2.000000e+00	-2.959320e-03
2.050000e+00	-2.954333e-03
2.100000e+00	-2.954410e-03
2.150000e+00	-2.959903e-03
2.200000e+00	-2.959813e-03
2.250000e+00	-2.958450e-03
2.300000e+00	-2.962610e-03
2.350000e+00	-2.955617e-03
2.400000e+00	-2.960117e-03
2.450000e+00	-2.958880e-03
2.500000e+00	-2.959480e-03
2.550000e+00	-2.958690e-03
2.600000e+00	-2.956650e-03
2.650000e+00	-2.957677e-03
2.700000e+00	-2.959367e-03
2.750000e+00	-2.957240e-03
2.800000e+00	-2.959417e-03
2.850000e+00	-2.957537e-03
2.900000e+00	-2.961390e-03
2.950000e+00	-2.959350e-03
3.000000e+00	-2.956260e-03
3.050000e+00	-2.956257e-03
3.100000e+00	-2.959663e-03
3.150000e+00	-2.958947e-03
3.200000e+00	-2.959187e-03
3.250000e+00	-2.961320e-03
3.300000e+00	-2.959377e-03
3.350000e+00	-2.958870e-03
3.400000e+00	-2.960193e-03
3.450000e+00	-2.963910e-03
3.500000e+00	-2.963513e-03
3.550000e+00	-2.959753e-03
3.600000e+00	-2.962457e-03
3.650000e+00	-2.964730e-03
3.700000e+00	-2.962413e-03
3.750000e+00	-2.963090e-03
3.800000e+00	-2.962580e-03
3.850000e+00	-2.965830e-03
3.900000e+00	-2.963563e-03
3.950000e+00	-2.964007e-03
4.000000e+00	-2.964990e-03
4.050000e+00	-2.965363e-03
4.100000e+00	-2.961113e-03
4.150000e+00	-2.964463e-03
4.200000e+00	-2.959167e-03
4.250000e+00	-2.964617e-03
4.300000e+00	-2.963470e-03
4.350000e+00	-2.962990e-03
4.400000e+00	-2.961320e-03
4.450000e+00	-2.964893e-03
4.500000e+00	-2.963437e-03
4.550000e+00	-2.962227e-03
4.600000e+00	-2.964907e-03
4.650000e+00	-2.966737e-03
4.700000e+00	-2.963350e-03
4.750000e+00	-2.968000e-03
4.800000e+00	-2.965403e-03
4.850000e+00	-2.967557e-03
4.900000e+00	-2.964870e-03
4.950000e+00	-2.961190e-03
5.000000e+00	-2.964900e-03
5.250000e+00	-2.968287e-03
5.500000e+00	-2.968947e-03
5.750000e+00	-2.967643e-03
6.000000e+00	-2.967813e-03
6.250000e+00	-2.972270e-03
6.500000e+00	-2.971753e-03
6.750000e+00	-2.973220e-03
7.000000e+00	-2.970617e-03
7.250000e+00	-2.976233e-03
7.500000e+00	-2.972180e-03
7.750000e+00	-2.971413e-03
8.000000e+00	-2.976047e-03
8.250000e+00	-2.971337e-03
8.500000e+00	-2.972453e-03
8.750000e+00	-2.969703e-03
9.000000e+00	-2.973250e-03
9.250000e+00	-2.973500e-03
9.500000e+00	-2.974037e-03
9.750000e+00	-2.970967e-03
1.000000e+01	-2.972527e-03
1.100000e+01	-2.970023e-03
1.200000e+01	-2.977233e-03
1.300000e+01	-2.973897e-03
1.400000e+01	-2.974483e-03
1.500000e+01	-2.978343e-03
1.600000e+01	-2.978417e-03
1.700000e+01	-2.979437e-03
1.800000e+01	-2.979353e-03
1.900000e+01	-2.980037e-03
2.000000e+01	-2.978280e-03
2.100000e+01	-2.981327e-03
2.200000e+01	-2.981110e-03
2.300000e+01	-2.982507e-03
2.400000e+01	-2.979103e-03
2.500000e+01	-2.980877e-03
2.600000e+01	-2.979877e-03
2.700000e+01	-2.984157e-03
2.800000e+01	-2.979700e-03
2.900000e+01	-2.978540e-03
3.000000e+01	-2.982027e-03
3.500000e+01	-2.980103e-03
4.000000e+01	-2.983920e-03
4.500000e+01	-2.984723e-03
5.000000e+01	-2.984173e-03
5.500000e+01	-2.983210e-03
6.000000e+01	-2.984647e-03
6.500000e+01	-2.986677e-03
7.000000e+01	-2.986660e-03
7.500000e+01	-2.984700e-03
8.000000e+01	-2.984133e-03
8.500000e+01	-2.986430e-03
9.000000e+01	-2.984647e-03
9.500000e+01	-2.985940e-03
1.000000e+02	-2.983533e-03
1.050000e+02	-2.984340e-03
1.100000e+02	-2.983500e-03
1.150000e+02	-2.985847e-03
1.200000e+02	-2.984837e-03
