Voltage (V)	Current (A)	Resistance (Ohm)	Power (W)	Time(s)
4.743282E-3	4.127660E-10	1.149146E+7	1.957866E-12	0.000000E+0
4.641935E-3	2.770164E-10	1.675690E+7	1.285892E-12	1.000000E-1
1.133114E-2	5.253704E-10	2.156791E+7	5.953046E-12	2.000000E-1
1.460819E-2	6.475607E-10	2.255880E+7	9.459690E-12	3.000000E-1
2.128896E-2	8.853126E-10	2.404683E+7	1.884738E-11	4.000000E-1
2.443924E-2	1.045601E-9	2.337339E+7	2.555369E-11	5.000000E-1
3.115331E-2	1.496945E-9	2.081126E+7	4.663479E-11	6.000000E-1
3.443012E-2	1.931943E-9	1.782150E+7	6.651703E-11	7.000000E-1
4.099217E-2	2.223843E-9	1.843303E+7	9.116015E-11	8.000000E-1
4.430275E-2	1.903939E-9	2.326900E+7	8.434973E-11	9.000000E-1
5.092394E-2	2.569130E-9	1.982147E+7	1.308302E-10	1.000000E+0
5.425142E-2	2.588475E-9	2.095883E+7	1.404284E-10	1.100000E+0
6.089793E-2	2.938577E-9	2.072361E+7	1.789533E-10	1.200000E+0
6.426764E-2	3.139499E-9	2.047067E+7	2.017682E-10	1.300000E+0
7.095636E-2	3.676286E-9	1.930110E+7	2.608559E-10	1.400000E+0
7.420780E-2	3.975996E-9	1.866395E+7	2.950499E-10	1.500000E+0
8.082902E-2	4.677048E-9	1.728206E+7	3.780412E-10	1.600000E+0
8.421563E-2	5.056845E-9	1.665379E+7	4.258654E-10	1.700000E+0
9.071011E-2	5.988632E-9	1.514705E+7	5.432295E-10	1.800000E+0
9.399539E-2	6.510092E-9	1.443841E+7	6.119186E-10	1.900000E+0
1.005236E-1	7.621465E-9	1.318954E+7	7.661371E-10	2.000000E+0
1.038004E-1	8.599420E-9	1.207063E+7	8.926232E-10	2.100000E+0
1.104132E-1	9.713764E-9	1.136668E+7	1.072528E-9	2.200000E+0
1.137153E-1	1.060694E-8	1.072084E+7	1.206171E-9	2.300000E+0
1.206321E-1	1.240227E-8	9.726615E+6	1.496112E-9	2.400000E+0
1.240525E-1	1.338508E-8	9.267969E+6	1.660453E-9	2.500000E+0
1.306145E-1	1.579284E-8	8.270488E+6	2.062774E-9	2.600000E+0
1.338998E-1	1.707651E-8	7.841169E+6	2.286541E-9	2.700000E+0
1.405210E-1	2.005108E-8	7.008151E+6	2.817598E-9	2.800000E+0
1.470661E-1	2.351607E-8	6.253855E+6	3.458417E-9	2.900000E+0
1.504021E-1	2.548115E-8	5.902485E+6	3.832418E-9	3.000000E+0
1.570486E-1	2.981208E-8	5.267952E+6	4.681945E-9	3.100000E+0
1.602747E-1	3.233450E-8	4.956771E+6	5.182402E-9	3.200000E+0
1.669296E-1	3.786822E-8	4.408171E+6	6.321327E-9	3.300000E+0
1.702064E-1	4.108009E-8	4.143282E+6	6.992094E-9	3.400000E+0
1.768529E-1	4.816123E-8	3.672101E+6	8.517453E-9	3.500000E+0
1.801045E-1	5.205241E-8	3.460061E+6	9.374873E-9	3.600000E+0
1.866495E-1	6.108117E-8	3.055762E+6	1.140077E-8	3.700000E+0
1.900531E-1	6.623429E-8	2.869406E+6	1.258803E-8	3.800000E+0
1.967250E-1	7.776416E-8	2.529764E+6	1.529815E-8	3.900000E+0
2.000355E-1	8.414212E-8	2.377353E+6	1.683141E-8	4.000000E+0
2.065638E-1	9.894548E-8	2.087653E+6	2.043855E-8	4.100000E+0
2.098489E-1	1.071433E-7	1.958582E+6	2.248390E-8	4.200000E+0
2.165547E-1	1.259225E-7	1.719746E+6	2.726911E-8	4.300000E+0
2.198145E-1	1.363625E-7	1.611986E+6	2.997445E-8	4.400000E+0
2.265203E-1	1.605865E-7	1.410581E+6	3.637610E-8	4.500000E+0
2.297716E-1	1.741440E-7	1.319434E+6	4.001335E-8	4.600000E+0
2.365027E-1	2.049664E-7	1.153861E+6	4.847511E-8	4.700000E+0
2.398133E-1	2.226836E-7	1.076924E+6	5.340249E-8	4.800000E+0
2.465359E-1	2.627298E-7	9.383629E+5	6.477233E-8	4.900000E+0
2.498379E-1	2.856021E-7	8.747761E+5	7.135423E-8	5.000000E+0
2.565605E-1	3.372379E-7	7.607701E+5	8.652192E-8	5.100000E+0
2.598286E-1	3.668807E-7	7.082101E+5	9.532610E-8	5.200000E+0
2.666443E-1	4.341482E-7	6.141781E+5	1.157631E-7	5.300000E+0
2.700055E-1	4.733055E-7	5.704677E+5	1.277951E-7	5.400000E+0
2.767364E-1	5.602238E-7	4.939747E+5	1.550343E-7	5.500000E+0
2.802077E-1	6.096154E-7	4.596467E+5	1.708189E-7	5.600000E+0
2.869891E-1	7.244587E-7	3.961428E+5	2.079118E-7	5.700000E+0
2.903166E-1	7.904092E-7	3.672991E+5	2.294689E-7	5.800000E+0
2.972756E-1	9.407664E-7	3.159930E+5	2.796669E-7	5.900000E+0
3.007129E-1	1.026791E-6	2.928667E+5	3.087693E-7	6.000000E+0
3.057125E-1	1.186879E-6	2.575768E+5	3.628437E-7	6.300000E+0
3.090654E-1	1.294669E-6	2.387216E+5	4.001374E-7	6.400000E+0
3.156781E-1	1.542345E-6	2.046741E+5	4.868845E-7	6.500000E+0
3.189801E-1	1.682687E-6	1.895659E+5	5.367437E-7	6.600000E+0
3.256436E-1	2.004817E-6	1.624306E+5	6.528558E-7	6.700000E+0
3.290133E-1	2.189710E-6	1.502543E+5	7.204437E-7	6.800000E+0
3.357864E-1	2.626944E-6	1.278240E+5	8.820921E-7	6.900000E+0
3.426441E-1	3.138560E-6	1.091724E+5	1.075409E-6	7.000000E+0
3.459297E-1	3.429077E-6	1.008813E+5	1.186220E-6	7.100000E+0
3.526941E-1	4.111490E-6	8.578255E+4	1.450098E-6	7.200000E+0
3.560723E-1	4.497037E-6	7.917931E+4	1.601270E-6	7.300000E+0
3.629215E-1	5.397252E-6	6.724190E+4	1.958779E-6	7.400000E+0
3.662745E-1	5.911269E-6	6.196208E+4	2.165147E-6	7.500000E+0
3.730815E-1	7.085793E-6	5.265205E+4	2.643578E-6	7.600000E+0
3.764680E-1	7.758597E-6	4.852269E+4	2.920863E-6	7.700000E+0
3.832663E-1	9.322694E-6	4.111111E+4	3.573074E-6	7.800000E+0
3.868135E-1	1.018787E-5	3.796804E+4	3.940806E-6	7.900000E+0
3.918555E-1	1.186587E-5	3.302375E+4	4.649706E-6	8.200000E+0
3.950984E-1	1.297353E-5	3.045419E+4	5.125821E-6	8.200000E+0
4.018379E-1	1.547992E-5	2.595865E+4	6.220419E-6	8.300000E+0
4.050725E-1	1.693117E-5	2.392466E+4	6.858351E-6	8.400000E+0
4.116768E-1	2.017055E-5	2.040980E+4	8.303747E-6	8.600000E+0
4.150888E-1	2.202487E-5	1.884637E+4	9.142277E-6	8.700000E+0
4.217434E-1	2.626760E-5	1.605565E+4	1.107819E-5	8.700000E+0
4.249949E-1	2.863393E-5	1.484235E+4	1.216927E-5	8.800000E+0
4.317683E-1	3.396692E-5	1.271144E+4	1.466584E-5	8.900000E+0
4.351549E-1	3.705983E-5	1.174196E+4	1.612677E-5	9.100000E+0
4.419028E-1	4.397826E-5	1.004821E+4	1.943412E-5	9.100000E+0
4.451879E-1	4.788291E-5	9.297428E+3	2.131689E-5	9.200000E+0
4.519949E-1	5.659734E-5	7.986151E+3	2.558171E-5	9.300000E+0
4.553814E-1	6.154450E-5	7.399222E+3	2.802622E-5	9.400000E+0
4.622392E-1	7.258262E-5	6.368456E+3	3.355053E-5	9.500000E+0
4.656343E-1	7.869572E-5	5.916895E+3	3.664343E-5	9.600000E+0
4.725257E-1	9.252712E-5	5.106889E+3	4.372144E-5	9.700000E+0
4.759037E-1	1.003476E-4	4.742552E+3	4.775579E-5	9.800000E+0
4.809456E-1	1.144828E-4	4.201029E+3	5.506000E-5	1.010000E+1
4.842561E-1	1.234505E-4	3.922674E+3	5.978166E-5	1.020000E+1
4.909450E-1	1.439222E-4	3.411183E+3	7.065788E-5	1.030000E+1
4.942218E-1	1.550639E-4	3.187214E+3	7.663596E-5	1.040000E+1
5.008768E-1	1.801644E-4	2.780110E+3	9.024017E-5	1.050000E+1
5.041705E-1	1.941287E-4	2.597094E+3	9.787396E-5	1.060000E+1
5.108677E-1	2.245700E-4	2.274871E+3	1.147256E-4	1.070000E+1
5.141444E-1	2.412382E-4	2.131273E+3	1.240313E-4	1.080000E+1
5.208502E-1	2.787641E-4	1.868426E+3	1.451943E-4	1.090000E+1
5.241945E-1	2.997793E-4	1.748601E+3	1.571427E-4	1.100000E+1
5.308833E-1	3.456373E-4	1.535955E+3	1.834931E-4	1.110000E+1
5.341516E-1	3.709921E-4	1.439792E+3	1.981660E-4	1.120000E+1
5.409247E-1	4.271480E-4	1.266364E+3	2.310549E-4	1.130000E+1
5.479261E-1	4.940774E-4	1.108988E+3	2.707179E-4	1.140000E+1
5.512956E-1	5.299648E-4	1.040249E+3	2.921673E-4	1.150000E+1
5.580603E-1	6.086727E-4	9.168479E+2	3.396761E-4	1.160000E+1
5.614808E-1	6.530144E-4	8.598291E+2	3.666550E-4	1.170000E+1
5.682116E-1	7.494478E-4	7.581737E+2	4.258449E-4	1.180000E+1
5.716406E-1	8.029830E-4	7.118963E+2	4.590177E-4	1.190000E+1
5.784732E-1	9.230723E-4	6.266824E+2	5.339726E-4	1.200000E+1
5.818848E-1	9.886187E-4	5.885836E+2	5.752622E-4	1.210000E+1
5.869179E-1	1.109877E-3	5.288135E+2	6.514067E-4	1.240000E+1
5.901867E-1	1.185458E-3	4.978554E+2	6.996415E-4	1.250000E+1
5.968246E-1	1.356102E-3	4.401030E+2	8.093550E-4	1.260000E+1
6.002029E-1	1.450246E-3	4.138628E+2	8.704419E-4	1.270000E+1
6.067902E-1	1.662439E-3	3.650000E+2	1.008752E-3	1.280000E+1
6.101600E-1	1.777242E-3	3.433185E+2	1.084402E-3	1.290000E+1
6.167303E-1	2.034195E-3	3.031815E+2	1.254550E-3	1.300000E+1
6.200835E-1	2.174587E-3	2.851500E+2	1.348426E-3	1.310000E+1
6.267891E-1	2.488185E-3	2.519061E+2	1.559567E-3	1.320000E+1
6.300405E-1	2.660561E-3	2.368074E+2	1.676261E-3	1.330000E+1
6.366106E-1	3.046636E-3	2.089553E+2	1.939521E-3	1.340000E+1
6.400402E-1	3.259361E-3	1.963698E+2	2.086122E-3	1.350000E+1
6.467537E-1	3.731056E-3	1.733433E+2	2.413074E-3	1.360000E+1
6.501150E-1	3.993156E-3	1.628073E+2	2.596011E-3	1.370000E+1
6.567612E-1	4.571390E-3	1.436677E+2	3.002312E-3	1.380000E+1
6.601140E-1	4.892565E-3	1.349219E+2	3.229651E-3	1.390000E+1
6.670146E-1	5.599793E-3	1.191142E+2	3.735144E-3	1.400000E+1
6.703245E-1	5.987671E-3	1.119508E+2	4.013683E-3	1.410000E+1
6.770811E-1	6.860640E-3	9.869066E+1	4.645210E-3	1.420000E+1
6.805354E-1	7.334179E-3	9.278958E+1	4.991168E-3	1.430000E+1
6.873511E-1	8.401866E-3	8.180934E+1	5.775032E-3	1.440000E+1
6.906698E-1	8.984166E-3	7.687634E+1	6.205092E-3	1.450000E+1
6.975359E-1	1.028069E-2	6.784913E+1	7.171150E-3	1.460000E+1
6.991825E-1	1.078135E-2	6.485111E+1	7.538131E-3	1.470000E+1
7.057786E-1	1.228388E-2	5.745567E+1	8.669700E-3	1.490000E+1
7.091395E-1	1.310409E-2	5.411589E+1	9.292628E-3	1.500000E+1
7.157607E-1	1.492197E-2	4.796690E+1	1.068056E-2	1.510000E+1
7.190034E-1	1.594057E-2	4.510525E+1	1.146132E-2	1.520000E+1
7.257266E-1	1.810522E-2	4.008383E+1	1.313944E-2	1.520000E+1
7.289354E-1	1.929917E-2	3.777030E+1	1.406785E-2	1.530000E+1
7.356919E-1	2.189600E-2	3.359937E+1	1.610871E-2	1.550000E+1
7.422875E-1	2.477262E-2	2.996403E+1	1.838841E-2	1.560000E+1
7.455813E-1	2.635659E-2	2.828823E+1	1.965098E-2	1.570000E+1
7.522870E-1	2.974788E-2	2.528876E+1	2.237894E-2	1.570000E+1
7.557412E-1	3.166255E-2	2.386861E+1	2.392869E-2	1.580000E+1
7.624807E-1	3.565420E-2	2.138544E+1	2.718564E-2	1.600000E+1
7.657742E-1	3.781509E-2	2.025049E+1	2.895782E-2	1.610000E+1
7.725054E-1	4.230182E-2	1.826175E+1	3.267838E-2	1.610000E+1
7.758581E-1	4.477151E-2	1.732928E+1	3.473634E-2	1.620000E+1
7.825639E-1	4.993375E-2	1.567204E+1	3.907635E-2	1.630000E+1
7.859334E-1	5.275072E-2	1.489901E+1	4.145855E-2	1.650000E+1
7.925544E-1	5.850747E-2	1.354621E+1	4.637035E-2	1.660000E+1
7.959664E-1	6.164723E-2	1.291163E+1	4.906912E-2	1.670000E+1
8.026467E-1	6.808224E-2	1.178937E+1	5.464599E-2	1.670000E+1
8.060587E-1	7.149752E-2	1.127394E+1	5.763120E-2	1.680000E+1
8.128406E-1	7.868110E-2	1.033082E+1	6.395519E-2	1.690000E+1
8.161764E-1	8.247524E-2	9.896017E+0	6.731434E-2	1.710000E+1
8.228651E-1	9.015839E-2	9.126883E+0	7.418819E-2	1.710000E+1
8.263106E-1	9.428940E-2	8.763558E+0	7.791233E-2	1.720000E+1
8.330754E-1	1.026812E-1	8.113222E+0	8.554118E-2	1.730000E+1
8.347565E-1	1.050052E-1	7.949668E+0	8.765377E-2	1.740000E+1
8.346124E-1	1.050051E-1	7.948303E+0	8.763856E-2	1.760000E+1
8.345196E-1	1.050051E-1	7.947420E+0	8.762881E-2	1.770000E+1
8.343763E-1	1.050052E-1	7.946047E+0	8.761385E-2	1.770000E+1
8.342832E-1	1.050051E-1	7.945168E+0	8.760399E-2	1.780000E+1
8.342412E-1	1.050052E-1	7.944761E+0	8.759966E-2	1.790000E+1
8.340551E-1	1.050051E-1	7.942996E+0	8.758004E-2	1.800000E+1
8.339201E-1	1.050052E-1	7.941703E+0	8.756595E-2	1.820000E+1
8.339203E-1	1.050052E-1	7.941705E+0	8.756597E-2	1.820000E+1
8.337594E-1	1.050051E-1	7.940180E+0	8.754899E-2	1.830000E+1
8.336921E-1	1.050052E-1	7.939532E+0	8.754201E-2	1.840000E+1
8.335988E-1	1.050051E-1	7.938651E+0	8.753213E-2	1.850000E+1
8.335401E-1	1.050052E-1	7.938084E+0	8.752604E-2	1.860000E+1
8.334302E-1	1.050051E-1	7.937045E+0	8.751442E-2	1.870000E+1
8.333544E-1	1.050052E-1	7.936316E+0	8.750655E-2	1.880000E+1
8.333289E-1	1.050052E-1	7.936073E+0	8.750387E-2	1.890000E+1
8.332362E-1	1.050052E-1	7.935190E+0	8.749413E-2	1.900000E+1
8.330836E-1	1.050051E-1	7.933744E+0	8.747803E-2	1.910000E+1
8.331007E-1	1.050051E-1	7.933907E+0	8.747982E-2	1.920000E+1
8.329487E-1	1.050051E-1	7.932459E+0	8.746386E-2	1.930000E+1
8.329318E-1	1.050051E-1	7.932299E+0	8.746209E-2	1.940000E+1
8.328305E-1	1.050051E-1	7.931334E+0	8.745145E-2	1.950000E+1
8.327796E-1	1.050051E-1	7.930849E+0	8.744611E-2	1.960000E+1
8.326786E-1	1.050051E-1	7.929887E+0	8.743550E-2	1.970000E+1
8.327383E-1	1.050052E-1	7.930448E+0	8.744185E-2	1.980000E+1
8.326449E-1	1.050051E-1	7.929566E+0	8.743196E-2	1.990000E+1
8.326368E-1	1.050052E-1	7.929482E+0	8.743119E-2	2.000000E+1
8.326032E-1	1.050052E-1	7.929162E+0	8.742767E-2	2.010000E+1
8.325096E-1	1.050052E-1	7.928270E+0	8.741784E-2	2.020000E+1
8.324759E-1	1.050052E-1	7.927949E+0	8.741430E-2	2.030000E+1
8.324251E-1	1.050051E-1	7.927473E+0	8.740888E-2	2.040000E+1
8.323832E-1	1.050052E-1	7.927066E+0	8.740456E-2	2.050000E+1
8.322901E-1	1.050052E-1	7.926180E+0	8.739479E-2	2.060000E+1
8.322312E-1	1.050051E-1	7.925626E+0	8.738852E-2	2.070000E+1
8.322649E-1	1.050052E-1	7.925940E+0	8.739214E-2	2.080000E+1
8.322057E-1	1.050052E-1	7.925376E+0	8.738593E-2	2.090000E+1
8.321127E-1	1.050051E-1	7.924498E+0	8.737608E-2	2.100000E+1
8.321971E-1	1.050051E-1	7.925302E+0	8.738494E-2	2.110000E+1
8.321467E-1	1.050052E-1	7.924814E+0	8.737973E-2	2.120000E+1
8.320794E-1	1.050052E-1	7.924173E+0	8.737266E-2	2.130000E+1
8.320115E-1	1.050052E-1	7.923527E+0	8.736553E-2	2.140000E+1
8.319692E-1	1.050051E-1	7.923131E+0	8.736101E-2	2.150000E+1
8.319016E-1	1.050051E-1	7.922488E+0	8.735391E-2	2.160000E+1
8.318596E-1	1.050052E-1	7.922080E+0	8.734958E-2	2.170000E+1
8.317496E-1	1.050051E-1	7.921040E+0	8.733795E-2	2.180000E+1
8.317752E-1	1.050052E-1	7.921276E+0	8.734072E-2	2.190000E+1
8.317750E-1	1.050052E-1	7.921274E+0	8.734070E-2	2.200000E+1
8.317412E-1	1.050051E-1	7.920960E+0	8.733707E-2	2.210000E+1
8.316229E-1	1.050051E-1	7.919833E+0	8.732465E-2	2.220000E+1
8.315550E-1	1.050051E-1	7.919187E+0	8.731752E-2	2.230000E+1
8.315046E-1	1.050051E-1	7.918707E+0	8.731222E-2	2.240000E+1
8.315216E-1	1.050052E-1	7.918861E+0	8.731409E-2	2.250000E+1
8.315132E-1	1.050052E-1	7.918781E+0	8.731321E-2	2.260000E+1
8.314877E-1	1.050052E-1	7.918538E+0	8.731053E-2	2.270000E+1
8.314202E-1	1.050051E-1	7.917903E+0	8.730336E-2	2.280000E+1
8.314290E-1	1.050052E-1	7.917979E+0	8.730437E-2	2.290000E+1
8.312762E-1	1.050051E-1	7.916532E+0	8.728824E-2	2.300000E+1
8.312851E-1	1.050051E-1	7.916616E+0	8.728918E-2	2.310000E+1
8.313107E-1	1.050052E-1	7.916853E+0	8.729195E-2	2.320000E+1
8.312345E-1	1.050051E-1	7.916135E+0	8.728386E-2	2.330000E+1
8.311498E-1	1.050051E-1	7.915328E+0	8.727497E-2	2.340000E+1
8.312765E-1	1.050051E-1	7.916535E+0	8.728827E-2	2.350000E+1
8.311497E-1	1.050050E-1	7.915335E+0	8.727487E-2	2.360000E+1
8.311750E-1	1.050050E-1	7.915575E+0	8.727753E-2	2.370000E+1
8.311160E-1	1.050051E-1	7.915006E+0	8.727142E-2	2.380000E+1
8.310823E-1	1.050051E-1	7.914685E+0	8.726788E-2	2.390000E+1
8.310907E-1	1.050051E-1	7.914765E+0	8.726876E-2	2.400000E+1
8.310903E-1	1.050050E-1	7.914769E+0	8.726864E-2	2.410000E+1
8.310739E-1	1.050051E-1	7.914605E+0	8.726700E-2	2.420000E+1
8.310233E-1	1.050051E-1	7.914123E+0	8.726168E-2	2.430000E+1
8.310398E-1	1.050050E-1	7.914288E+0	8.726333E-2	2.440000E+1
8.310149E-1	1.050051E-1	7.914043E+0	8.726080E-2	2.450000E+1
8.309980E-1	1.050051E-1	7.913882E+0	8.725903E-2	2.460000E+1
8.309895E-1	1.050051E-1	7.913801E+0	8.725814E-2	2.470000E+1
8.308879E-1	1.050051E-1	7.912834E+0	8.724747E-2	2.480000E+1
8.309724E-1	1.050051E-1	7.913638E+0	8.725634E-2	2.490000E+1
8.308372E-1	1.050050E-1	7.912358E+0	8.724206E-2	2.500000E+1
8.308799E-1	1.050051E-1	7.912758E+0	8.724663E-2	2.510000E+1
8.308545E-1	1.050051E-1	7.912516E+0	8.724396E-2	2.520000E+1
8.308543E-1	1.050051E-1	7.912514E+0	8.724394E-2	2.530000E+1
8.308290E-1	1.050051E-1	7.912273E+0	8.724128E-2	2.540000E+1
8.308378E-1	1.050051E-1	7.912357E+0	8.724221E-2	2.550000E+1
8.307866E-1	1.050051E-1	7.911869E+0	8.723683E-2	2.560000E+1
8.306849E-1	1.050050E-1	7.910908E+0	8.722607E-2	2.570000E+1
8.307869E-1	1.050051E-1	7.911872E+0	8.723686E-2	2.580000E+1
8.307358E-1	1.050051E-1	7.911385E+0	8.723150E-2	2.590000E+1
8.306934E-1	1.050050E-1	7.910989E+0	8.722696E-2	2.600000E+1
8.307275E-1	1.050051E-1	7.911306E+0	8.723062E-2	2.610000E+1
8.307108E-1	1.050051E-1	7.911147E+0	8.722887E-2	2.620000E+1
8.307533E-1	1.050052E-1	7.911544E+0	8.723342E-2	2.630000E+1
8.306177E-1	1.050051E-1	7.910261E+0	8.721909E-2	2.640000E+1
8.307696E-1	1.050051E-1	7.911707E+0	8.723504E-2	2.650000E+1
8.306093E-1	1.050051E-1	7.910181E+0	8.721821E-2	2.660000E+1
8.306858E-1	1.050052E-1	7.910902E+0	8.722633E-2	2.670000E+1
8.306176E-1	1.050051E-1	7.910260E+0	8.721908E-2	2.680000E+1
8.306518E-1	1.050052E-1	7.910578E+0	8.722276E-2	2.690000E+1
8.305929E-1	1.050052E-1	7.910017E+0	8.721657E-2	2.700000E+1
8.306268E-1	1.050052E-1	7.910340E+0	8.722013E-2	2.710000E+1
8.305586E-1	1.050051E-1	7.909698E+0	8.721289E-2	2.720000E+1
8.305925E-1	1.050052E-1	7.910013E+0	8.721653E-2	2.730000E+1
8.306347E-1	1.050052E-1	7.910415E+0	8.722096E-2	2.740000E+1
8.305843E-1	1.050052E-1	7.909935E+0	8.721567E-2	2.750000E+1
8.306094E-1	1.050052E-1	7.910174E+0	8.721831E-2	2.760000E+1
8.305586E-1	1.050052E-1	7.909690E+0	8.721297E-2	2.770000E+1
8.305586E-1	1.050052E-1	7.909690E+0	8.721297E-2	2.780000E+1
8.305082E-1	1.050052E-1	7.909210E+0	8.720768E-2	2.790000E+1
8.304909E-1	1.050051E-1	7.909053E+0	8.720578E-2	2.800000E+1
8.304229E-1	1.050051E-1	7.908405E+0	8.719864E-2	2.810000E+1
8.305167E-1	1.050052E-1	7.909291E+0	8.720857E-2	2.820000E+1
8.305248E-1	1.050052E-1	7.909368E+0	8.720942E-2	2.830000E+1
8.304574E-1	1.050052E-1	7.908726E+0	8.720235E-2	2.840000E+1
8.304489E-1	1.050052E-1	7.908645E+0	8.720145E-2	2.850000E+1
8.304490E-1	1.050052E-1	7.908646E+0	8.720146E-2	2.860000E+1
8.304573E-1	1.050052E-1	7.908725E+0	8.720233E-2	2.870000E+1
8.304322E-1	1.050052E-1	7.908486E+0	8.719970E-2	2.880000E+1
8.304064E-1	1.050051E-1	7.908248E+0	8.719691E-2	2.890000E+1
8.304067E-1	1.050052E-1	7.908244E+0	8.719702E-2	2.900000E+1
8.303896E-1	1.050051E-1	7.908088E+0	8.719514E-2	2.910000E+1
8.303644E-1	1.050052E-1	7.907841E+0	8.719258E-2	2.920000E+1
8.303641E-1	1.050051E-1	7.907845E+0	8.719247E-2	2.930000E+1
8.303135E-1	1.050051E-1	7.907364E+0	8.718715E-2	2.940000E+1
8.303305E-1	1.050051E-1	7.907525E+0	8.718894E-2	2.950000E+1
8.303390E-1	1.050052E-1	7.907599E+0	8.718991E-2	2.960000E+1
8.302208E-1	1.050051E-1	7.906481E+0	8.717742E-2	2.970000E+1
8.303052E-1	1.050051E-1	7.907285E+0	8.718628E-2	2.980000E+1
8.302715E-1	1.050052E-1	7.906956E+0	8.718282E-2	2.990000E+1
8.302714E-1	1.050052E-1	7.906955E+0	8.718281E-2	3.000000E+1
8.303307E-1	1.050052E-1	7.907520E+0	8.718904E-2	3.010000E+1
8.302798E-1	1.050051E-1	7.907043E+0	8.718361E-2	3.010000E+1
8.303647E-1	1.050052E-1	7.907844E+0	8.719261E-2	3.020000E+1
8.302628E-1	1.050051E-1	7.906881E+0	8.718183E-2	3.040000E+1
8.301780E-1	1.050050E-1	7.906081E+0	8.717284E-2	3.050000E+1
8.302038E-1	1.050051E-1	7.906319E+0	8.717563E-2	3.060000E+1
8.303393E-1	1.050052E-1	7.907602E+0	8.718994E-2	3.070000E+1
8.302715E-1	1.050052E-1	7.906956E+0	8.718282E-2	3.070000E+1
8.302211E-1	1.050052E-1	7.906476E+0	8.717753E-2	3.080000E+1
8.302124E-1	1.050051E-1	7.906401E+0	8.717654E-2	3.100000E+1
8.302715E-1	1.050052E-1	7.906956E+0	8.718282E-2	3.110000E+1
8.302971E-1	1.050052E-1	7.907200E+0	8.718551E-2	3.110000E+1
8.302546E-1	1.050052E-1	7.906795E+0	8.718105E-2	3.120000E+1
8.302462E-1	1.050052E-1	7.906715E+0	8.718017E-2	3.130000E+1
8.302124E-1	1.050051E-1	7.906401E+0	8.717654E-2	3.150000E+1
8.302040E-1	1.050052E-1	7.906313E+0	8.717574E-2	3.160000E+1
8.301868E-1	1.050051E-1	7.906157E+0	8.717385E-2	3.170000E+1
8.301617E-1	1.050051E-1	7.905918E+0	8.717121E-2	3.170000E+1
8.301787E-1	1.050052E-1	7.906072E+0	8.717308E-2	3.180000E+1
8.301194E-1	1.050051E-1	7.905515E+0	8.716677E-2	3.190000E+1
8.301531E-1	1.050051E-1	7.905836E+0	8.717031E-2	3.210000E+1
8.301955E-1	1.050052E-1	7.906232E+0	8.717484E-2	3.220000E+1
8.301108E-1	1.050051E-1	7.905433E+0	8.716587E-2	3.220000E+1
8.301110E-1	1.050051E-1	7.905435E+0	8.716589E-2	3.230000E+1
8.301030E-1	1.050052E-1	7.905351E+0	8.716513E-2	3.240000E+1
8.300431E-1	1.050051E-1	7.904788E+0	8.715876E-2	3.260000E+1
8.300434E-1	1.050051E-1	7.904791E+0	8.715879E-2	3.260000E+1
8.300942E-1	1.050052E-1	7.905268E+0	8.716421E-2	3.270000E+1
8.300769E-1	1.050051E-1	7.905110E+0	8.716231E-2	3.280000E+1
8.301620E-1	1.050052E-1	7.905913E+0	8.717133E-2	3.290000E+1
8.301281E-1	1.050052E-1	7.905590E+0	8.716777E-2	3.310000E+1
8.301196E-1	1.050052E-1	7.905509E+0	8.716687E-2	3.320000E+1
8.301031E-1	1.050052E-1	7.905352E+0	8.716514E-2	3.320000E+1
8.301789E-1	1.050052E-1	7.906074E+0	8.717310E-2	3.330000E+1
8.300858E-1	1.050052E-1	7.905188E+0	8.716333E-2	3.340000E+1
8.300009E-1	1.050051E-1	7.904387E+0	8.715433E-2	3.350000E+1
8.301025E-1	1.050051E-1	7.905354E+0	8.716500E-2	3.360000E+1
8.301108E-1	1.050051E-1	7.905433E+0	8.716587E-2	3.370000E+1
8.300774E-1	1.050052E-1	7.905108E+0	8.716244E-2	3.380000E+1
8.301364E-1	1.050052E-1	7.905669E+0	8.716864E-2	3.390000E+1
8.300179E-1	1.050051E-1	7.904548E+0	8.715611E-2	3.400000E+1
8.301025E-1	1.050051E-1	7.905354E+0	8.716500E-2	3.410000E+1
8.301366E-1	1.050052E-1	7.905671E+0	8.716866E-2	3.420000E+1
8.301025E-1	1.050051E-1	7.905354E+0	8.716500E-2	3.430000E+1
8.301364E-1	1.050051E-1	7.905677E+0	8.716856E-2	3.440000E+1
8.301618E-1	1.050051E-1	7.905919E+0	8.717122E-2	3.450000E+1
8.301367E-1	1.050052E-1	7.905672E+0	8.716867E-2	3.460000E+1
8.301200E-1	1.050052E-1	7.905513E+0	8.716692E-2	3.470000E+1
8.300605E-1	1.050051E-1	7.904954E+0	8.716059E-2	3.480000E+1
8.300520E-1	1.050051E-1	7.904873E+0	8.715969E-2	3.490000E+1
8.300180E-1	1.050051E-1	7.904549E+0	8.715612E-2	3.500000E+1
8.299839E-1	1.050050E-1	7.904232E+0	8.715246E-2	3.510000E+1
8.300605E-1	1.050052E-1	7.904947E+0	8.716067E-2	3.520000E+1
8.300434E-1	1.050051E-1	7.904791E+0	8.715879E-2	3.530000E+1
8.300859E-1	1.050051E-1	7.905196E+0	8.716325E-2	3.540000E+1
8.300518E-1	1.050051E-1	7.904871E+0	8.715967E-2	3.550000E+1
8.301198E-1	1.050052E-1	7.905511E+0	8.716690E-2	3.560000E+1
8.300177E-1	1.050050E-1	7.904554E+0	8.715601E-2	3.570000E+1
8.300607E-1	1.050052E-1	7.904949E+0	8.716069E-2	3.580000E+1
8.300518E-1	1.050051E-1	7.904871E+0	8.715967E-2	3.590000E+1
8.300770E-1	1.050051E-1	7.905111E+0	8.716232E-2	3.600000E+1
8.299844E-1	1.050051E-1	7.904229E+0	8.715259E-2	3.610000E+1
8.300267E-1	1.050052E-1	7.904625E+0	8.715712E-2	3.620000E+1
8.299422E-1	1.050051E-1	7.903828E+0	8.714816E-2	3.630000E+1
8.300265E-1	1.050051E-1	7.904630E+0	8.715702E-2	3.640000E+1
8.299927E-1	1.050051E-1	7.904308E+0	8.715347E-2	3.650000E+1
8.299677E-1	1.050052E-1	7.904063E+0	8.715092E-2	3.660000E+1
8.300603E-1	1.050051E-1	7.904952E+0	8.716056E-2	3.670000E+1
8.300009E-1	1.050051E-1	7.904387E+0	8.715433E-2	3.680000E+1
8.299674E-1	1.050051E-1	7.904068E+0	8.715081E-2	3.690000E+1
8.299845E-1	1.050052E-1	7.904223E+0	8.715269E-2	3.700000E+1
8.300182E-1	1.050051E-1	7.904551E+0	8.715614E-2	3.710000E+1
8.300349E-1	1.050052E-1	7.904703E+0	8.715798E-2	3.720000E+1
8.299335E-1	1.050051E-1	7.903745E+0	8.714725E-2	3.730000E+1
8.298994E-1	1.050050E-1	7.903427E+0	8.714359E-2	3.740000E+1
8.299677E-1	1.050052E-1	7.904063E+0	8.715092E-2	3.750000E+1
8.298488E-1	1.050051E-1	7.902938E+0	8.713836E-2	3.760000E+1
8.299252E-1	1.050051E-1	7.903666E+0	8.714638E-2	3.770000E+1
8.300101E-1	1.050052E-1	7.904467E+0	8.715538E-2	3.780000E+1
8.299088E-1	1.050052E-1	7.903502E+0	8.714474E-2	3.790000E+1
8.299844E-1	1.050051E-1	7.904229E+0	8.715259E-2	3.800000E+1
8.299507E-1	1.050052E-1	7.903901E+0	8.714914E-2	3.810000E+1
8.299847E-1	1.050052E-1	7.904225E+0	8.715271E-2	3.820000E+1
8.299505E-1	1.050051E-1	7.903907E+0	8.714904E-2	3.830000E+1
8.299168E-1	1.050051E-1	7.903586E+0	8.714550E-2	3.840000E+1
8.298665E-1	1.050052E-1	7.903099E+0	8.714030E-2	3.850000E+1
8.298574E-1	1.050051E-1	7.903020E+0	8.713926E-2	3.860000E+1
8.298831E-1	1.050052E-1	7.903257E+0	8.714204E-2	3.870000E+1
8.298746E-1	1.050052E-1	7.903176E+0	8.714115E-2	3.880000E+1
8.300101E-1	1.050052E-1	7.904467E+0	8.715538E-2	3.890000E+1
8.298153E-1	1.050051E-1	7.902619E+0	8.713484E-2	3.900000E+1
8.298742E-1	1.050051E-1	7.903180E+0	8.714102E-2	3.910000E+1
8.298997E-1	1.050051E-1	7.903423E+0	8.714370E-2	3.920000E+1
8.298322E-1	1.050051E-1	7.902780E+0	8.713661E-2	3.930000E+1
8.298151E-1	1.050051E-1	7.902617E+0	8.713482E-2	3.940000E+1
8.298662E-1	1.050051E-1	7.903104E+0	8.714018E-2	3.950000E+1
8.298151E-1	1.050051E-1	7.902617E+0	8.713482E-2	3.960000E+1
8.299338E-1	1.050052E-1	7.903740E+0	8.714736E-2	3.970000E+1
8.298323E-1	1.050052E-1	7.902773E+0	8.713671E-2	3.980000E+1
8.298323E-1	1.050052E-1	7.902773E+0	8.713671E-2	3.990000E+1
8.299422E-1	1.050052E-1	7.903820E+0	8.714825E-2	4.000000E+1
8.297901E-1	1.050051E-1	7.902379E+0	8.713219E-2	4.010000E+1
8.297395E-1	1.050051E-1	7.901897E+0	8.712688E-2	4.020000E+1
8.298073E-1	1.050052E-1	7.902535E+0	8.713408E-2	4.030000E+1
8.298494E-1	1.050052E-1	7.902936E+0	8.713850E-2	4.040000E+1
8.297730E-1	1.050051E-1	7.902216E+0	8.713040E-2	4.050000E+1
8.298069E-1	1.050051E-1	7.902539E+0	8.713396E-2	4.060000E+1
