Voltage (V)	Current (A)	Resistance (Ohm)	Power (W)	Time(s)
1.004391E-1	6.646664E-10	1.511120E+8	6.675850E-11	0.000000E+0
1.997483E-1	8.519027E-10	2.344731E+8	1.701661E-10	1.000000E-1
4.014491E-1	9.890460E-10	4.058953E+8	3.970516E-10	2.000000E-1
5.999747E-1	9.698288E-10	6.186398E+8	5.818727E-10	3.000000E-1
8.013877E-1	1.071069E-9	7.482130E+8	8.583415E-10	4.000000E-1
9.997189E-1	1.154234E-9	8.661319E+8	1.153910E-9	5.000000E-1
1.201538E+0	1.226333E-9	9.797812E+8	1.473486E-9	6.000000E-1
1.399920E+0	1.200019E-9	1.166582E+9	1.679931E-9	7.000000E-1
1.601528E+0	9.530596E-10	1.680407E+9	1.526352E-9	8.000000E-1
1.799674E+0	1.203145E-9	1.495808E+9	2.165269E-9	9.000000E-1
2.001603E+0	1.509743E-9	1.325791E+9	3.021906E-9	1.000000E+0
2.199934E+0	1.563131E-9	1.407389E+9	3.438785E-9	1.100000E+0
2.401676E+0	1.563595E-9	1.535996E+9	3.755249E-9	1.200000E+0
2.599821E+0	1.628217E-9	1.596729E+9	4.233073E-9	1.300000E+0
2.801236E+0	1.659515E-9	1.687985E+9	4.648693E-9	1.400000E+0
2.999576E+0	1.579857E-9	1.898638E+9	4.738901E-9	1.500000E+0
3.201386E+0	1.381850E-9	2.316739E+9	4.423835E-9	1.600000E+0
3.399590E+0	1.846117E-9	1.841481E+9	6.276041E-9	1.700000E+0
3.601452E+0	1.879823E-9	1.915846E+9	6.770092E-9	1.800000E+0
3.799723E+0	1.675269E-9	2.268127E+9	6.365558E-9	1.900000E+0
4.001484E+0	1.773428E-9	2.256355E+9	7.096344E-9	2.000000E+0
4.199799E+0	1.788465E-9	2.348270E+9	7.511194E-9	2.100000E+0
4.401423E+0	1.765149E-9	2.493514E+9	7.769167E-9	2.200000E+0
4.599769E+0	1.848017E-9	2.489030E+9	8.500451E-9	2.300000E+0
4.801505E+0	1.844132E-9	2.603667E+9	8.854609E-9	2.400000E+0
4.999794E+0	1.897351E-9	2.635144E+9	9.486364E-9	2.500000E+0
5.201622E+0	1.923834E-9	2.703779E+9	1.000706E-8	2.600000E+0
5.399688E+0	1.892830E-9	2.852706E+9	1.022069E-8	2.700000E+0
5.601334E+0	1.969999E-9	2.843318E+9	1.103462E-8	2.800000E+0
5.799767E+0	1.965733E-9	2.950435E+9	1.140079E-8	2.900000E+0
6.001340E+0	1.997199E-9	3.004878E+9	1.198587E-8	3.000000E+0
6.199112E+0	2.109000E-9	2.939361E+9	1.307393E-8	3.100000E+0
6.400807E+0	2.309415E-9	2.771614E+9	1.478212E-8	3.200000E+0
6.599265E+0	2.333363E-9	2.828220E+9	1.539848E-8	3.300000E+0
6.800855E+0	2.020007E-9	3.366748E+9	1.373777E-8	3.400000E+0
6.999475E+0	2.124882E-9	3.294054E+9	1.487306E-8	3.500000E+0
7.201020E+0	2.157361E-9	3.337884E+9	1.553520E-8	3.600000E+0
7.399399E+0	2.081207E-9	3.555340E+9	1.539968E-8	3.700000E+0
7.601007E+0	2.129272E-9	3.569768E+9	1.618461E-8	3.800000E+0
7.799416E+0	2.199175E-9	3.546519E+9	1.715228E-8	3.800000E+0
8.001058E+0	2.183125E-9	3.664956E+9	1.746731E-8	4.000000E+0
8.199562E+0	2.183633E-9	3.755009E+9	1.790483E-8	4.100000E+0
8.401083E+0	2.175312E-9	3.862013E+9	1.827498E-8	4.200000E+0
8.599669E+0	2.166146E-9	3.970032E+9	1.862814E-8	4.300000E+0
8.801248E+0	2.266965E-9	3.882393E+9	1.995212E-8	4.400000E+0
8.999398E+0	2.286354E-9	3.936135E+9	2.057581E-8	4.400000E+0
9.201133E+0	2.260040E-9	4.071226E+9	2.079493E-8	4.600000E+0
9.399350E+0	2.282171E-9	4.118600E+9	2.145092E-8	4.700000E+0
9.600753E+0	2.298643E-9	4.176705E+9	2.206870E-8	4.800000E+0
9.799195E+0	2.292901E-9	4.273710E+9	2.246858E-8	4.800000E+0
1.000090E+1	2.450402E-9	4.081330E+9	2.450623E-8	4.900000E+0
1.019908E+1	3.432492E-9	2.971334E+9	3.500826E-8	5.000000E+0
1.040104E+1	2.413783E-9	4.309020E+9	2.510585E-8	5.200000E+0
1.059936E+1	2.459988E-9	4.308704E+9	2.607430E-8	5.300000E+0
1.080114E+1	2.508688E-9	4.305494E+9	2.709669E-8	5.300000E+0
1.099926E+1	2.588261E-9	4.249672E+9	2.846896E-8	5.400000E+0
1.120096E+1	2.487866E-9	4.502236E+9	2.786649E-8	5.500000E+0
1.139934E+1	2.445543E-9	4.661272E+9	2.787758E-8	5.600000E+0
1.160116E+1	2.522289E-9	4.599457E+9	2.926148E-8	5.800000E+0
1.179939E+1	2.546532E-9	4.633513E+9	3.004752E-8	5.900000E+0
1.200122E+1	2.496059E-9	4.808067E+9	2.995575E-8	5.900000E+0
1.219955E+1	2.509913E-9	4.860547E+9	3.061981E-8	6.000000E+0
1.240125E+1	2.535635E-9	4.890787E+9	3.144504E-8	6.100000E+0
1.259935E+1	2.561864E-9	4.918040E+9	3.227782E-8	6.200000E+0
1.280096E+1	2.560217E-9	4.999951E+9	3.277324E-8	6.400000E+0
1.299932E+1	2.581461E-9	5.035645E+9	3.355724E-8	6.400000E+0
1.320102E+1	2.614196E-9	5.049744E+9	3.451005E-8	6.500000E+0
1.339955E+1	2.629318E-9	5.096207E+9	3.523168E-8	6.600000E+0
1.360117E+1	2.627120E-9	5.177217E+9	3.573191E-8	6.700000E+0
1.379982E+1	2.622432E-9	5.262222E+9	3.618909E-8	6.800000E+0
1.400145E+1	2.645325E-9	5.292904E+9	3.703839E-8	6.900000E+0
1.419983E+1	2.655588E-9	5.347151E+9	3.770890E-8	7.000000E+0
1.440144E+1	2.691616E-9	5.350481E+9	3.876315E-8	7.100000E+0
1.459990E+1	2.721394E-9	5.364861E+9	3.973208E-8	7.200000E+0
1.480160E+1	2.720887E-9	5.439991E+9	4.027348E-8	7.300000E+0
1.500009E+1	2.755986E-9	5.442731E+9	4.134004E-8	7.400000E+0
1.520177E+1	2.733515E-9	5.561254E+9	4.155427E-8	7.500000E+0
1.540030E+1	2.730052E-9	5.641028E+9	4.204362E-8	7.600000E+0
1.560194E+1	2.767686E-9	5.637178E+9	4.318127E-8	7.700000E+0
1.580033E+1	2.809499E-9	5.623896E+9	4.439101E-8	7.800000E+0
1.600198E+1	2.855157E-9	5.604588E+9	4.568817E-8	7.900000E+0
1.619987E+1	2.826183E-9	5.732067E+9	4.578380E-8	8.000000E+0
1.640149E+1	2.820481E-9	5.815139E+9	4.626009E-8	8.100000E+0
1.659985E+1	2.850891E-9	5.822688E+9	4.732436E-8	8.200000E+0
1.680163E+1	2.847682E-9	5.900108E+9	4.784570E-8	8.300000E+0
1.699996E+1	2.880964E-9	5.900789E+9	4.897627E-8	8.400000E+0
1.720185E+1	2.883878E-9	5.964833E+9	4.960804E-8	8.500000E+0
1.740022E+1	2.890932E-9	6.018896E+9	5.030285E-8	8.600000E+0
1.760197E+1	2.882442E-9	6.106617E+9	5.073666E-8	8.700000E+0
1.780026E+1	2.913952E-9	6.108632E+9	5.186910E-8	8.800000E+0
1.800202E+1	2.939250E-9	6.124698E+9	5.291244E-8	8.900000E+0
1.820041E+1	2.936676E-9	6.197623E+9	5.344871E-8	9.000000E+0
1.840218E+1	2.931438E-9	6.277527E+9	5.394485E-8	9.100000E+0
1.860041E+1	2.950781E-9	6.303555E+9	5.488574E-8	9.200000E+0
1.880235E+1	2.979631E-9	6.310295E+9	5.602406E-8	9.300000E+0
1.900067E+1	2.994454E-9	6.345287E+9	5.689663E-8	9.400000E+0
1.920242E+1	3.010759E-9	6.377933E+9	5.781386E-8	9.500000E+0
1.940065E+1	2.935577E-9	6.608803E+9	5.695210E-8	9.600000E+0
1.960163E+1	2.753703E-9	7.118280E+9	5.397707E-8	9.700000E+0
1.980001E+1	2.719998E-9	7.279421E+9	5.385599E-8	9.800000E+0
2.000159E+1	2.333236E-9	8.572468E+9	4.666843E-8	9.900000E+0
2.020007E+1	2.616773E-9	7.719458E+9	5.285900E-8	1.000000E+1
2.040166E+1	2.565665E-9	7.951802E+9	5.234383E-8	1.010000E+1
2.060025E+1	3.038466E-9	6.779819E+9	6.259316E-8	1.020000E+1
2.080184E+1	3.179747E-9	6.541980E+9	6.614459E-8	1.030000E+1
2.100032E+1	3.202978E-9	6.556498E+9	6.726356E-8	1.040000E+1
2.120184E+1	2.961171E-9	7.159951E+9	6.278227E-8	1.050000E+1
2.140038E+1	3.047926E-9	7.021293E+9	6.522677E-8	1.060000E+1
2.160200E+1	2.890383E-9	7.473750E+9	6.243805E-8	1.070000E+1
2.180054E+1	3.051940E-9	7.143175E+9	6.653394E-8	1.080000E+1
2.200202E+1	3.058738E-9	7.193169E+9	6.729841E-8	1.090000E+1
2.220070E+1	3.095908E-9	7.170982E+9	6.873132E-8	1.100000E+1
2.240227E+1	3.119263E-9	7.181911E+9	6.987857E-8	1.110000E+1
2.260080E+1	3.132529E-9	7.214873E+9	7.079766E-8	1.120000E+1
2.280241E+1	3.119138E-9	7.310484E+9	7.112386E-8	1.130000E+1
2.300032E+1	3.086024E-9	7.453059E+9	7.097954E-8	1.140000E+1
2.320206E+1	3.085052E-9	7.520800E+9	7.157956E-8	1.150000E+1
2.340046E+1	2.936463E-9	7.968927E+9	6.871458E-8	1.160000E+1
2.360201E+1	3.005647E-9	7.852556E+9	7.093931E-8	1.170000E+1
2.380020E+1	3.278580E-9	7.259301E+9	7.803086E-8	1.180000E+1
2.400225E+1	3.233263E-9	7.423538E+9	7.760559E-8	1.190000E+1
2.420050E+1	3.733305E-9	6.482326E+9	9.034785E-8	1.200000E+1
2.440231E+1	3.726504E-9	6.548312E+9	9.093531E-8	1.210000E+1
2.460057E+1	4.340503E-9	5.667677E+9	1.067788E-7	1.220000E+1
2.480235E+1	3.817692E-9	6.496687E+9	9.468773E-8	1.230000E+1
2.500064E+1	3.580660E-9	6.982132E+9	8.951879E-8	1.240000E+1
2.520243E+1	3.355494E-9	7.510796E+9	8.456660E-8	1.250000E+1
2.540074E+1	3.636710E-9	6.984538E+9	9.237513E-8	1.260000E+1
2.560257E+1	3.444236E-9	7.433454E+9	8.818129E-8	1.270000E+1
2.580092E+1	3.656307E-9	7.056552E+9	9.433608E-8	1.280000E+1
2.600259E+1	4.294463E-9	6.054911E+9	1.116672E-7	1.290000E+1
2.620092E+1	3.619730E-9	7.238363E+9	9.484026E-8	1.300000E+1
2.640258E+1	3.703823E-9	7.128467E+9	9.779048E-8	1.310000E+1
2.660098E+1	3.667711E-9	7.252747E+9	9.756471E-8	1.320000E+1
2.680281E+1	3.708512E-9	7.227376E+9	9.939854E-8	1.330000E+1
2.700113E+1	3.705175E-9	7.287410E+9	1.000439E-7	1.340000E+1
2.720284E+1	3.691743E-9	7.368563E+9	1.004259E-7	1.350000E+1
2.740117E+1	3.689801E-9	7.426192E+9	1.011049E-7	1.360000E+1
2.760277E+1	3.681734E-9	7.497220E+9	1.016261E-7	1.370000E+1
2.780126E+1	3.643975E-9	7.629377E+9	1.013071E-7	1.380000E+1
2.800276E+1	3.642453E-9	7.687885E+9	1.019987E-7	1.390000E+1
2.820130E+1	3.644816E-9	7.737373E+9	1.027885E-7	1.400000E+1
2.840299E+1	3.659223E-9	7.762028E+9	1.039329E-7	1.410000E+1
2.860141E+1	3.645451E-9	7.845781E+9	1.042650E-7	1.420000E+1
2.879966E+1	3.641017E-9	7.909785E+9	1.048601E-7	1.430000E+1
2.900158E+1	3.601063E-9	8.053616E+9	1.044365E-7	1.440000E+1
2.919982E+1	3.599836E-9	8.111431E+9	1.051146E-7	1.450000E+1
2.940155E+1	3.628515E-9	8.102915E+9	1.066840E-7	1.460000E+1
2.959972E+1	3.597047E-9	8.228894E+9	1.064716E-7	1.470000E+1
2.980109E+1	3.595654E-9	8.288086E+9	1.071544E-7	1.480000E+1
2.999949E+1	3.613519E-9	8.302015E+9	1.084037E-7	1.490000E+1
3.020127E+1	3.673117E-9	8.222246E+9	1.109328E-7	1.500000E+1
3.039961E+1	3.675102E-9	8.271773E+9	1.117217E-7	1.510000E+1
3.060142E+1	3.676117E-9	8.324387E+9	1.124944E-7	1.520000E+1
3.079978E+1	3.619645E-9	8.509061E+9	1.114843E-7	1.530000E+1
3.100122E+1	3.642622E-9	8.510688E+9	1.129257E-7	1.540000E+1
3.119969E+1	3.649633E-9	8.548720E+9	1.138674E-7	1.550000E+1
3.140121E+1	3.726799E-9	8.425786E+9	1.170260E-7	1.560000E+1
3.159979E+1	3.792522E-9	8.332131E+9	1.198429E-7	1.570000E+1
3.180134E+1	3.688997E-9	8.620593E+9	1.173150E-7	1.580000E+1
3.199978E+1	3.677044E-9	8.702583E+9	1.176646E-7	1.590000E+1
3.220142E+1	3.632359E-9	8.865153E+9	1.169671E-7	1.600000E+1
3.240007E+1	3.498088E-9	9.262223E+9	1.133383E-7	1.610000E+1
3.260156E+1	3.353382E-9	9.721994E+9	1.093255E-7	1.620000E+1
3.280004E+1	3.506494E-9	9.354084E+9	1.150131E-7	1.630000E+1
3.300154E+1	3.558740E-9	9.273378E+9	1.174439E-7	1.640000E+1
3.319935E+1	3.730391E-9	8.899697E+9	1.238466E-7	1.650000E+1
3.340102E+1	3.818327E-9	8.747554E+9	1.275360E-7	1.660000E+1
3.359949E+1	3.915896E-9	8.580281E+9	1.315721E-7	1.670000E+1
3.380118E+1	3.749357E-9	9.015194E+9	1.267327E-7	1.680000E+1
3.399965E+1	3.885231E-9	8.750998E+9	1.320965E-7	1.680000E+1
3.420135E+1	4.076989E-9	8.388875E+9	1.394385E-7	1.690000E+1
3.439970E+1	4.125179E-9	8.338959E+9	1.419049E-7	1.710000E+1
3.460117E+1	4.385992E-9	7.889018E+9	1.517605E-7	1.720000E+1
3.479943E+1	3.830282E-9	9.085344E+9	1.332916E-7	1.730000E+1
3.500119E+1	3.470380E-9	1.008569E+10	1.214674E-7	1.730000E+1
3.519947E+1	2.751508E-9	1.279279E+10	9.685162E-8	1.740000E+1
3.540128E+1	2.645283E-9	1.338279E+10	9.364640E-8	1.750000E+1
3.559950E+1	2.995806E-9	1.188311E+10	1.066492E-7	1.770000E+1
3.580144E+1	3.921978E-9	9.128414E+9	1.404125E-7	1.780000E+1
3.599970E+1	3.613776E-9	9.961796E+9	1.300949E-7	1.790000E+1
3.620156E+1	3.652508E-9	9.911425E+9	1.322265E-7	1.790000E+1
3.639971E+1	3.054220E-9	1.191784E+10	1.111727E-7	1.800000E+1
3.660109E+1	2.048348E-9	1.786859E+10	7.497177E-8	1.820000E+1
3.679945E+1	2.903139E-9	1.267575E+10	1.068339E-7	1.830000E+1
3.700121E+1	3.190560E-9	1.159709E+10	1.180546E-7	1.840000E+1
3.719956E+1	3.403815E-9	1.092878E+10	1.266204E-7	1.840000E+1
3.740136E+1	3.601144E-9	1.038597E+10	1.346877E-7	1.850000E+1
3.759972E+1	3.658334E-9	1.027783E+10	1.375523E-7	1.860000E+1
3.780146E+1	3.862552E-9	9.786654E+9	1.460101E-7	1.880000E+1
3.799977E+1	4.161081E-9	9.132187E+9	1.581201E-7	1.890000E+1
3.820118E+1	4.027485E-9	9.485120E+9	1.538547E-7	1.890000E+1
3.839974E+1	3.376531E-9	1.137254E+10	1.296579E-7	1.900000E+1
3.860138E+1	4.579482E-9	8.429202E+9	1.767743E-7	1.910000E+1
3.879981E+1	4.617660E-9	8.402483E+9	1.791643E-7	1.920000E+1
3.900144E+1	4.719410E-9	8.264050E+9	1.840638E-7	1.930000E+1
3.920000E+1	4.431568E-9	8.845628E+9	1.737175E-7	1.940000E+1
3.940158E+1	4.238882E-9	9.295276E+9	1.670186E-7	1.950000E+1
3.960002E+1	4.308023E-9	9.192156E+9	1.705978E-7	1.960000E+1
3.980157E+1	4.278247E-9	9.303243E+9	1.702809E-7	1.970000E+1
3.999990E+1	4.190392E-9	9.545622E+9	1.676153E-7	1.980000E+1
4.020158E+1	4.174850E-9	9.629467E+9	1.678356E-7	1.990000E+1
4.040005E+1	4.100599E-9	9.852231E+9	1.656644E-7	2.000000E+1
4.060165E+1	4.086448E-9	9.935683E+9	1.659165E-7	2.010000E+1
4.080033E+1	4.072216E-9	1.001920E+10	1.661478E-7	2.020000E+1
4.100197E+1	4.096670E-9	1.000861E+10	1.679715E-7	2.030000E+1
4.120042E+1	4.079607E-9	1.009911E+10	1.680815E-7	2.040000E+1
4.140206E+1	4.074498E-9	1.016127E+10	1.686926E-7	2.050000E+1
4.160048E+1	4.050464E-9	1.027055E+10	1.685012E-7	2.060000E+1
4.180214E+1	4.044001E-9	1.033683E+10	1.690479E-7	2.070000E+1
4.200031E+1	4.035809E-9	1.040691E+10	1.695052E-7	2.080000E+1
4.220210E+1	4.060178E-9	1.039415E+10	1.713480E-7	2.090000E+1
4.240031E+1	4.060347E-9	1.044253E+10	1.721600E-7	2.100000E+1
4.260221E+1	4.054728E-9	1.050680E+10	1.727404E-7	2.110000E+1
4.280047E+1	4.038762E-9	1.059742E+10	1.728609E-7	2.120000E+1
4.300240E+1	4.043752E-9	1.063428E+10	1.738910E-7	2.130000E+1
4.320045E+1	4.052656E-9	1.065979E+10	1.750766E-7	2.140000E+1
4.340200E+1	4.059165E-9	1.069235E+10	1.761759E-7	2.150000E+1
4.360033E+1	4.057179E-9	1.074646E+10	1.768943E-7	2.160000E+1
4.380209E+1	4.052829E-9	1.080778E+10	1.775224E-7	2.170000E+1
4.400040E+1	4.056758E-9	1.084620E+10	1.784990E-7	2.180000E+1
4.420227E+1	4.075003E-9	1.084717E+10	1.801244E-7	2.190000E+1
4.440060E+1	4.083196E-9	1.087398E+10	1.812964E-7	2.200000E+1
4.460234E+1	4.072679E-9	1.095160E+10	1.816510E-7	2.210000E+1
4.480063E+1	4.067188E-9	1.101514E+10	1.822126E-7	2.220000E+1
4.500224E+1	4.058655E-9	1.108797E+10	1.826486E-7	2.230000E+1
4.520071E+1	4.087294E-9	1.105884E+10	1.847486E-7	2.240000E+1
4.540232E+1	4.107355E-9	1.105391E+10	1.864834E-7	2.250000E+1
4.560058E+1	4.112425E-9	1.108849E+10	1.875290E-7	2.260000E+1
4.580216E+1	4.084463E-9	1.121375E+10	1.870772E-7	2.270000E+1
4.600079E+1	4.076608E-9	1.128408E+10	1.875272E-7	2.280000E+1
4.620228E+1	4.086827E-9	1.130517E+10	1.888207E-7	2.290000E+1
4.640083E+1	4.120112E-9	1.126203E+10	1.911766E-7	2.300000E+1
4.660234E+1	4.129783E-9	1.128445E+10	1.924576E-7	2.310000E+1
4.680013E+1	4.132233E-9	1.132563E+10	1.933890E-7	2.320000E+1
4.700183E+1	4.111623E-9	1.143145E+10	1.932538E-7	2.330000E+1
4.720015E+1	4.104228E-9	1.150037E+10	1.937202E-7	2.340000E+1
4.740186E+1	4.117620E-9	1.151196E+10	1.951828E-7	2.350000E+1
4.760044E+1	4.138148E-9	1.150284E+10	1.969777E-7	2.360000E+1
4.780203E+1	4.148748E-9	1.152204E+10	1.983186E-7	2.370000E+1
4.800047E+1	4.140932E-9	1.159171E+10	1.987667E-7	2.380000E+1
4.820216E+1	4.180722E-9	1.152963E+10	2.015198E-7	2.390000E+1
4.840048E+1	3.984530E-9	1.214710E+10	1.928532E-7	2.400000E+1
4.860220E+1	4.239516E-9	1.146409E+10	2.060498E-7	2.410000E+1
4.880064E+1	4.164798E-9	1.171741E+10	2.032448E-7	2.420000E+1
4.900228E+1	4.157999E-9	1.178506E+10	2.037514E-7	2.430000E+1
4.920041E+1	3.964679E-9	1.240968E+10	1.950638E-7	2.440000E+1
4.940229E+1	4.650819E-9	1.062228E+10	2.297611E-7	2.450000E+1
4.960057E+1	4.226549E-9	1.173548E+10	2.096392E-7	2.460000E+1
4.980235E+1	4.432708E-9	1.123520E+10	2.207593E-7	2.470000E+1
5.000058E+1	4.423838E-9	1.130253E+10	2.211945E-7	2.480000E+1
5.020198E+1	4.437186E-9	1.131392E+10	2.227555E-7	2.490000E+1
5.040022E+1	4.435409E-9	1.136315E+10	2.235456E-7	2.500000E+1
5.060206E+1	4.483264E-9	1.128688E+10	2.268624E-7	2.510000E+1
5.080032E+1	4.529683E-9	1.121498E+10	2.301093E-7	2.520000E+1
5.100218E+1	4.446222E-9	1.147090E+10	2.267670E-7	2.530000E+1
5.120052E+1	4.192254E-9	1.221312E+10	2.146456E-7	2.540000E+1
5.140224E+1	3.943476E-9	1.303475E+10	2.027035E-7	2.550000E+1
5.160049E+1	3.998850E-9	1.290383E+10	2.063426E-7	2.560000E+1
5.180235E+1	3.893640E-9	1.330435E+10	2.016997E-7	2.570000E+1
5.200065E+1	3.917925E-9	1.327250E+10	2.037346E-7	2.580000E+1
5.220240E+1	4.028248E-9	1.295908E+10	2.102842E-7	2.590000E+1
5.240069E+1	4.029725E-9	1.300354E+10	2.111604E-7	2.600000E+1
5.260257E+1	4.065966E-9	1.293729E+10	2.138803E-7	2.610000E+1
5.280072E+1	3.962738E-9	1.332430E+10	2.092354E-7	2.620000E+1
5.300229E+1	3.863945E-9	1.371714E+10	2.047979E-7	2.630000E+1
5.320067E+1	3.813512E-9	1.395057E+10	2.028814E-7	2.640000E+1
5.340226E+1	3.844812E-9	1.388943E+10	2.053217E-7	2.650000E+1
5.360073E+1	3.942421E-9	1.359589E+10	2.113166E-7	2.660000E+1
5.380238E+1	3.879109E-9	1.386978E+10	2.087053E-7	2.670000E+1
5.400087E+1	3.902213E-9	1.383852E+10	2.107229E-7	2.680000E+1
5.420251E+1	3.594979E-9	1.507728E+10	1.948569E-7	2.690000E+1
5.440112E+1	4.209780E-9	1.292256E+10	2.290167E-7	2.700000E+1
5.460273E+1	4.803083E-9	1.136827E+10	2.622614E-7	2.710000E+1
5.480110E+1	4.400438E-9	1.245356E+10	2.411488E-7	2.720000E+1
5.500258E+1	4.575338E-9	1.202153E+10	2.516554E-7	2.730000E+1
5.520127E+1	4.513254E-9	1.223092E+10	2.491374E-7	2.740000E+1
5.540292E+1	4.356723E-9	1.271665E+10	2.413752E-7	2.750000E+1
5.560120E+1	4.415471E-9	1.259236E+10	2.455055E-7	2.760000E+1
5.580300E+1	4.531922E-9	1.231332E+10	2.528948E-7	2.770000E+1
5.600151E+1	4.476844E-9	1.250915E+10	2.507100E-7	2.780000E+1
5.620315E+1	4.332436E-9	1.297264E+10	2.434966E-7	2.790000E+1
5.640152E+1	4.280485E-9	1.317643E+10	2.414259E-7	2.800000E+1
5.660311E+1	4.288133E-9	1.319994E+10	2.427217E-7	2.810000E+1
5.680130E+1	4.371041E-9	1.299491E+10	2.482808E-7	2.820000E+1
5.700271E+1	4.379022E-9	1.301722E+10	2.496161E-7	2.830000E+1
5.720103E+1	4.386581E-9	1.304000E+10	2.509170E-7	2.840000E+1
5.740296E+1	4.386163E-9	1.308728E+10	2.517787E-7	2.850000E+1
5.760124E+1	4.413025E-9	1.305255E+10	2.541957E-7	2.860000E+1
5.780315E+1	4.419655E-9	1.307866E+10	2.554700E-7	2.870000E+1
5.800144E+1	4.430932E-9	1.309012E+10	2.570004E-7	2.880000E+1
5.820331E+1	4.423120E-9	1.315888E+10	2.574402E-7	2.880000E+1
5.840144E+1	4.386837E-9	1.331288E+10	2.561976E-7	2.900000E+1
5.860320E+1	4.376700E-9	1.338981E+10	2.564886E-7	2.910000E+1
5.880169E+1	4.372859E-9	1.344697E+10	2.571315E-7	2.920000E+1
5.900333E+1	4.411671E-9	1.337437E+10	2.603033E-7	2.930000E+1
5.920162E+1	4.427342E-9	1.337182E+10	2.621058E-7	2.940000E+1
5.940343E+1	4.399084E-9	1.350359E+10	2.613207E-7	2.940000E+1
5.960185E+1	4.319427E-9	1.379855E+10	2.574458E-7	2.960000E+1
5.980361E+1	4.472029E-9	1.337281E+10	2.674435E-7	2.970000E+1
6.000181E+1	4.469282E-9	1.342538E+10	2.681650E-7	2.980000E+1
6.020329E+1	4.486305E-9	1.341935E+10	2.700903E-7	2.980000E+1
6.040120E+1	4.522967E-9	1.335433E+10	2.731926E-7	2.990000E+1
6.060277E+1	4.504593E-9	1.345355E+10	2.729908E-7	3.000000E+1
6.080141E+1	4.490236E-9	1.354080E+10	2.730127E-7	3.020000E+1
6.100290E+1	4.470382E-9	1.364602E+10	2.727063E-7	3.030000E+1
6.120151E+1	4.457499E-9	1.373001E+10	2.728057E-7	3.040000E+1
6.140316E+1	4.480184E-9	1.370550E+10	2.750975E-7	3.040000E+1
6.160161E+1	4.470677E-9	1.377903E+10	2.754009E-7	3.050000E+1
6.180314E+1	4.454371E-9	1.387472E+10	2.752941E-7	3.060000E+1
6.200171E+1	4.425400E-9	1.401042E+10	2.743824E-7	3.080000E+1
6.220333E+1	4.429708E-9	1.404231E+10	2.755426E-7	3.080000E+1
6.240172E+1	4.424470E-9	1.410377E+10	2.760945E-7	3.090000E+1
6.260355E+1	4.403991E-9	1.421519E+10	2.757055E-7	3.100000E+1
6.280198E+1	4.291298E-9	1.463473E+10	2.695020E-7	3.110000E+1
6.300368E+1	4.086069E-9	1.541914E+10	2.574374E-7	3.120000E+1
6.320214E+1	3.993909E-9	1.582463E+10	2.524236E-7	3.130000E+1
6.340366E+1	4.011646E-9	1.580490E+10	2.543530E-7	3.140000E+1
6.360177E+1	3.974141E-9	1.600390E+10	2.527624E-7	3.150000E+1
6.380331E+1	4.124673E-9	1.546870E+10	2.631678E-7	3.160000E+1
6.400171E+1	4.705178E-9	1.360240E+10	3.011394E-7	3.170000E+1
6.420347E+1	4.410745E-9	1.455615E+10	2.831851E-7	3.180000E+1
6.440177E+1	4.039355E-9	1.594358E+10	2.601416E-7	3.190000E+1
6.460362E+1	4.553081E-9	1.418899E+10	2.941455E-7	3.200000E+1
6.480190E+1	4.350173E-9	1.489640E+10	2.818995E-7	3.210000E+1
6.500372E+1	5.207416E-9	1.248291E+10	3.385014E-7	3.220000E+1
6.520200E+1	4.280272E-9	1.523314E+10	2.790823E-7	3.230000E+1
6.540376E+1	4.406180E-9	1.484364E+10	2.881807E-7	3.240000E+1
6.560210E+1	2.581884E-9	2.540862E+10	1.693770E-7	3.250000E+1
6.580395E+1	4.543959E-9	1.448163E+10	2.990105E-7	3.260000E+1
6.600224E+1	4.399930E-9	1.500075E+10	2.904052E-7	3.270000E+1
6.620408E+1	3.469240E-9	1.908317E+10	2.296778E-7	3.280000E+1
6.640245E+1	4.765322E-9	1.393451E+10	3.164291E-7	3.290000E+1
6.660418E+1	4.124166E-9	1.614973E+10	2.746867E-7	3.300000E+1
6.680240E+1	4.895325E-9	1.364616E+10	3.270195E-7	3.310000E+1
6.700419E+1	4.820187E-9	1.390074E+10	3.229727E-7	3.320000E+1
6.720260E+1	4.276429E-9	1.571465E+10	2.873871E-7	3.330000E+1
6.740419E+1	4.209948E-9	1.601069E+10	2.837681E-7	3.340000E+1
6.760255E+1	4.913109E-9	1.375963E+10	3.321387E-7	3.350000E+1
6.780405E+1	4.659179E-9	1.455279E+10	3.159112E-7	3.360000E+1
6.800280E+1	4.835099E-9	1.406441E+10	3.288003E-7	3.370000E+1
6.820440E+1	4.531330E-9	1.505174E+10	3.090566E-7	3.380000E+1
6.840285E+1	4.665770E-9	1.466057E+10	3.191520E-7	3.390000E+1
6.860448E+1	4.675484E-9	1.467324E+10	3.207591E-7	3.400000E+1
6.880296E+1	4.806673E-9	1.431405E+10	3.307133E-7	3.410000E+1
6.900465E+1	4.668896E-9	1.477965E+10	3.221755E-7	3.420000E+1
6.920300E+1	4.637764E-9	1.492163E+10	3.209472E-7	3.430000E+1
6.940467E+1	4.619482E-9	1.502434E+10	3.206136E-7	3.440000E+1
6.960319E+1	4.632487E-9	1.502502E+10	3.224359E-7	3.450000E+1
6.980487E+1	4.648580E-9	1.501639E+10	3.244935E-7	3.460000E+1
7.000330E+1	4.631431E-9	1.511483E+10	3.242155E-7	3.470000E+1
7.020491E+1	4.636667E-9	1.514124E+10	3.255168E-7	3.480000E+1
7.040297E+1	4.638737E-9	1.517719E+10	3.265809E-7	3.490000E+1
7.060468E+1	4.642751E-9	1.520751E+10	3.277999E-7	3.500000E+1
7.080311E+1	4.643132E-9	1.524900E+10	3.287482E-7	3.510000E+1
7.100475E+1	4.635528E-9	1.531751E+10	3.291445E-7	3.520000E+1
7.120284E+1	4.622095E-9	1.540488E+10	3.291063E-7	3.530000E+1
7.140488E+1	4.627968E-9	1.542899E+10	3.304595E-7	3.540000E+1
7.160320E+1	4.645412E-9	1.541375E+10	3.326264E-7	3.550000E+1
7.180493E+1	4.641356E-9	1.547068E+10	3.332722E-7	3.560000E+1
7.200315E+1	3.870912E-9	1.860108E+10	2.787179E-7	3.570000E+1
7.220505E+1	3.624081E-9	1.992369E+10	2.616769E-7	3.580000E+1
7.240330E+1	4.424216E-9	1.636523E+10	3.203278E-7	3.590000E+1
7.260520E+1	8.797555E-9	8.252884E+9	6.387482E-7	3.600000E+1
7.280342E+1	4.800253E-9	1.516658E+10	3.494748E-7	3.610000E+1
7.300523E+1	4.701757E-9	1.552722E+10	3.432529E-7	3.620000E+1
7.320359E+1	4.698713E-9	1.557950E+10	3.439627E-7	3.630000E+1
7.340533E+1	4.683594E-9	1.567286E+10	3.438008E-7	3.640000E+1
7.360358E+1	4.694195E-9	1.567970E+10	3.455096E-7	3.650000E+1
7.380471E+1	4.709191E-9	1.567248E+10	3.475605E-7	3.660000E+1
7.400297E+1	4.679367E-9	1.581474E+10	3.462871E-7	3.670000E+1
7.420473E+1	4.685451E-9	1.583727E+10	3.476826E-7	3.680000E+1
7.440305E+1	4.684774E-9	1.588189E+10	3.485615E-7	3.690000E+1
7.460487E+1	4.714427E-9	1.582480E+10	3.517192E-7	3.700000E+1
7.480322E+1	4.725198E-9	1.583071E+10	3.534600E-7	3.710000E+1
7.500476E+1	4.716073E-9	1.590407E+10	3.537279E-7	3.720000E+1
7.520327E+1	4.679580E-9	1.607052E+10	3.519197E-7	3.730000E+1
7.540494E+1	4.688242E-9	1.608384E+10	3.535166E-7	3.740000E+1
7.560339E+1	4.691325E-9	1.611557E+10	3.546801E-7	3.750000E+1
7.580505E+1	4.734616E-9	1.601081E+10	3.589078E-7	3.760000E+1
7.600337E+1	4.730180E-9	1.606775E+10	3.595096E-7	3.770000E+1
7.620504E+1	4.720848E-9	1.614224E+10	3.597524E-7	3.780000E+1
7.640358E+1	4.700023E-9	1.625600E+10	3.590986E-7	3.790000E+1
7.660522E+1	4.709654E-9	1.626557E+10	3.607841E-7	3.800000E+1
7.680366E+1	4.718947E-9	1.627559E+10	3.624324E-7	3.810000E+1
7.700521E+1	4.724184E-9	1.630021E+10	3.637868E-7	3.820000E+1
7.720334E+1	4.719835E-9	1.635721E+10	3.643870E-7	3.830000E+1
7.740508E+1	4.703745E-9	1.645605E+10	3.640938E-7	3.840000E+1
7.760334E+1	4.713160E-9	1.646525E+10	3.657570E-7	3.850000E+1
7.780494E+1	4.734573E-9	1.643336E+10	3.683732E-7	3.860000E+1
7.800351E+1	4.751593E-9	1.641629E+10	3.706409E-7	3.870000E+1
7.820525E+1	4.723340E-9	1.655719E+10	3.693900E-7	3.880000E+1
7.840340E+1	4.710415E-9	1.664469E+10	3.693126E-7	3.890000E+1
7.860518E+1	4.715274E-9	1.667033E+10	3.706450E-7	3.900000E+1
7.880344E+1	3.993530E-9	1.973278E+10	3.147039E-7	3.910000E+1
7.900513E+1	3.666486E-9	2.154792E+10	2.896712E-7	3.920000E+1
7.920347E+1	5.520604E-9	1.434688E+10	4.372510E-7	3.930000E+1
7.940522E+1	4.803124E-9	1.653199E+10	3.813931E-7	3.940000E+1
7.960345E+1	4.802195E-9	1.657647E+10	3.822713E-7	3.950000E+1
7.980535E+1	4.785383E-9	1.667690E+10	3.818992E-7	3.960000E+1
8.000364E+1	4.803333E-9	1.665586E+10	3.842841E-7	3.970000E+1
8.020538E+1	4.777995E-9	1.678641E+10	3.832209E-7	3.980000E+1
8.040379E+1	4.782472E-9	1.681218E+10	3.845289E-7	3.990000E+1
8.060530E+1	4.767053E-9	1.690883E+10	3.842497E-7	4.000000E+1
8.080383E+1	4.790707E-9	1.686679E+10	3.871075E-7	4.010000E+1
8.100549E+1	4.791593E-9	1.690575E+10	3.881453E-7	4.020000E+1
8.120378E+1	4.777948E-9	1.699553E+10	3.879874E-7	4.030000E+1
8.140578E+1	4.780147E-9	1.702997E+10	3.891316E-7	4.040000E+1
8.160423E+1	4.784710E-9	1.705521E+10	3.904526E-7	4.050000E+1
8.180587E+1	4.799956E-9	1.704305E+10	3.926646E-7	4.060000E+1
8.200397E+1	4.807387E-9	1.705791E+10	3.942248E-7	4.070000E+1
8.220564E+1	4.813980E-9	1.707644E+10	3.957363E-7	4.080000E+1
8.240417E+1	4.793791E-9	1.718977E+10	3.950284E-7	4.090000E+1
8.260584E+1	4.775290E-9	1.729860E+10	3.944668E-7	4.100000E+1
8.280424E+1	4.783947E-9	1.730877E+10	3.961311E-7	4.110000E+1
8.300586E+1	4.811908E-9	1.725009E+10	3.994166E-7	4.120000E+1
8.320459E+1	4.832859E-9	1.721643E+10	4.021161E-7	4.130000E+1
8.340613E+1	4.822679E-9	1.729456E+10	4.022410E-7	4.130000E+1
8.360464E+1	4.802449E-9	1.740875E+10	4.015070E-7	4.150000E+1
8.380615E+1	4.782303E-9	1.752422E+10	4.007864E-7	4.160000E+1
8.400417E+1	4.803673E-9	1.748749E+10	4.035286E-7	4.170000E+1
8.420585E+1	4.812331E-9	1.749793E+10	4.052264E-7	4.180000E+1
8.440439E+1	4.795226E-9	1.760175E+10	4.047381E-7	4.190000E+1
8.460600E+1	4.786779E-9	1.767493E+10	4.049902E-7	4.190000E+1
8.480453E+1	4.828592E-9	1.756299E+10	4.094865E-7	4.210000E+1
8.500626E+1	4.867113E-9	1.746544E+10	4.137351E-7	4.220000E+1
8.520466E+1	4.849375E-9	1.757024E+10	4.131893E-7	4.230000E+1
8.540628E+1	4.817950E-9	1.772668E+10	4.114832E-7	4.230000E+1
8.560471E+1	4.825467E-9	1.774019E+10	4.130827E-7	4.240000E+1
8.580623E+1	4.840672E-9	1.772610E+10	4.153598E-7	4.250000E+1
8.600465E+1	4.865169E-9	1.767763E+10	4.184272E-7	4.270000E+1
8.620645E+1	4.845237E-9	1.779200E+10	4.176907E-7	4.280000E+1
8.640464E+1	4.835266E-9	1.786968E+10	4.177894E-7	4.280000E+1
8.660657E+1	4.846966E-9	1.786820E+10	4.197791E-7	4.290000E+1
8.680486E+1	4.839024E-9	1.793851E+10	4.200508E-7	4.300000E+1
8.700650E+1	4.835812E-9	1.799212E+10	4.207471E-7	4.310000E+1
8.720499E+1	4.857865E-9	1.795130E+10	4.236301E-7	4.330000E+1
8.740606E+1	4.858074E-9	1.799192E+10	4.246251E-7	4.340000E+1
8.760438E+1	4.865131E-9	1.800658E+10	4.262068E-7	4.340000E+1
8.780609E+1	4.869859E-9	1.803052E+10	4.276033E-7	4.350000E+1
8.800441E+1	4.872478E-9	1.806153E+10	4.287996E-7	4.360000E+1
8.820634E+1	4.861200E-9	1.814497E+10	4.287887E-7	4.370000E+1
8.840469E+1	4.800927E-9	1.841409E+10	4.244245E-7	4.380000E+1
8.860654E+1	4.794931E-9	1.847921E+10	4.248622E-7	4.390000E+1
8.880477E+1	4.858962E-9	1.827649E+10	4.314990E-7	4.400000E+1
8.900644E+1	4.909857E-9	1.812811E+10	4.370089E-7	4.410000E+1
8.920493E+1	4.903142E-9	1.819342E+10	4.373844E-7	4.420000E+1
8.940637E+1	4.892034E-9	1.827591E+10	4.373790E-7	4.440000E+1
8.960482E+1	4.879954E-9	1.836182E+10	4.372674E-7	4.440000E+1
8.980648E+1	4.880757E-9	1.840011E+10	4.383236E-7	4.450000E+1
9.000511E+1	4.880334E-9	1.844241E+10	4.392550E-7	4.460000E+1
9.020667E+1	4.910238E-9	1.837114E+10	4.429362E-7	4.470000E+1
9.040514E+1	4.908377E-9	1.841854E+10	4.437425E-7	4.480000E+1
9.060667E+1	4.862128E-9	1.863519E+10	4.405412E-7	4.490000E+1
9.080482E+1	4.847515E-9	1.873224E+10	4.401777E-7	4.500000E+1
9.100646E+1	1.237019E-9	7.356917E+10	1.125767E-7	4.510000E+1
9.120496E+1	4.493190E-9	2.029849E+10	4.098012E-7	4.520000E+1
9.140662E+1	5.190606E-9	1.761001E+10	4.744558E-7	4.530000E+1
9.160510E+1	4.960667E-9	1.846629E+10	4.544224E-7	4.540000E+1
9.180679E+1	4.891316E-9	1.876934E+10	4.490560E-7	4.550000E+1
9.200523E+1	5.029513E-9	1.829307E+10	4.627415E-7	4.560000E+1
9.220688E+1	4.972917E-9	1.854181E+10	4.585372E-7	4.570000E+1
9.240531E+1	4.961639E-9	1.862395E+10	4.584818E-7	4.580000E+1
9.260706E+1	4.931104E-9	1.878019E+10	4.566550E-7	4.590000E+1
9.280550E+1	4.949856E-9	1.874913E+10	4.593739E-7	4.600000E+1
9.300705E+1	4.949305E-9	1.879194E+10	4.603203E-7	4.610000E+1
9.320524E+1	4.973718E-9	1.873955E+10	4.635766E-7	4.620000E+1
9.340719E+1	4.984913E-9	1.873798E+10	4.656267E-7	4.630000E+1
9.360547E+1	4.988209E-9	1.876535E+10	4.669236E-7	4.640000E+1
9.380708E+1	4.957539E-9	1.892211E+10	4.650523E-7	4.650000E+1
9.400560E+1	4.957247E-9	1.896327E+10	4.660090E-7	4.660000E+1
9.420734E+1	4.953232E-9	1.901937E+10	4.666308E-7	4.670000E+1
9.440559E+1	4.990781E-9	1.891600E+10	4.711576E-7	4.680000E+1
9.460744E+1	4.983096E-9	1.898567E+10	4.714380E-7	4.690000E+1
9.480576E+1	4.958892E-9	1.911834E+10	4.701315E-7	4.700000E+1
9.500761E+1	4.952685E-9	1.918305E+10	4.705428E-7	4.710000E+1
9.520596E+1	4.604441E-9	2.067699E+10	4.383702E-7	4.720000E+1
9.540779E+1	4.700614E-9	2.029688E+10	4.484752E-7	4.730000E+1
9.560621E+1	5.880043E-9	1.625944E+10	5.621686E-7	4.740000E+1
9.580784E+1	4.882488E-9	1.962275E+10	4.677806E-7	4.750000E+1
9.600622E+1	5.062882E-9	1.896276E+10	4.860682E-7	4.760000E+1
9.620796E+1	5.066176E-9	1.899025E+10	4.874065E-7	4.770000E+1
9.640630E+1	4.031033E-9	2.391603E+10	3.886170E-7	4.780000E+1
9.660820E+1	4.751807E-9	2.033083E+10	4.590635E-7	4.790000E+1
9.680645E+1	7.244759E-9	1.336227E+10	7.013394E-7	4.800000E+1
9.700789E+1	4.994329E-9	1.942361E+10	4.844893E-7	4.810000E+1
9.720651E+1	5.059503E-9	1.921266E+10	4.918166E-7	4.820000E+1
9.740797E+1	5.068793E-9	1.921719E+10	4.937408E-7	4.830000E+1
9.760616E+1	5.045310E-9	1.934592E+10	4.924533E-7	4.840000E+1
9.780783E+1	5.040200E-9	1.940555E+10	4.929710E-7	4.850000E+1
9.800624E+1	5.008395E-9	1.956839E+10	4.908540E-7	4.860000E+1
9.820783E+1	5.018363E-9	1.956969E+10	4.928425E-7	4.870000E+1
9.840651E+1	5.009666E-9	1.964333E+10	4.929837E-7	4.880000E+1
9.860805E+1	5.028501E-9	1.960983E+10	4.958507E-7	4.890000E+1
9.880648E+1	5.015281E-9	1.970109E+10	4.955423E-7	4.900000E+1
9.900809E+1	5.012958E-9	1.975043E+10	4.963234E-7	4.910000E+1
9.920654E+1	5.008481E-9	1.980771E+10	4.968741E-7	4.920000E+1
9.940834E+1	5.043880E-9	1.970870E+10	5.014037E-7	4.930000E+1
9.960660E+1	4.783526E-9	2.082284E+10	4.764708E-7	4.940000E+1
9.980820E+1	4.769460E-9	2.092652E+10	4.760312E-7	4.950000E+1
1.000068E+2	3.592362E-9	2.783873E+10	3.592606E-7	4.960000E+1
