Voltage (V)	Current (A)	Resistance (Ohm)	Power (W)	Time(s)
4.760213E-3	-6.619383E-10	-7.191324E+6	-3.150967E-12	0.000000E+0
1.132272E-2	-7.179921E-10	-1.576998E+7	-8.129624E-12	1.000000E-1
2.125518E-2	1.971049E-9	1.078369E+7	4.189500E-11	2.000000E-1
3.122930E-2	2.710449E-9	1.152182E+7	8.464542E-11	3.000000E-1
4.110193E-2	7.007287E-9	5.865598E+6	2.880130E-10	4.000000E-1
5.094077E-2	1.927293E-9	2.643125E+7	9.817779E-11	5.000000E-1
6.091474E-2	2.484481E-9	2.451809E+7	1.513415E-10	6.000000E-1
7.102384E-2	3.486804E-9	2.036932E+7	2.476462E-10	7.000000E-1
8.086266E-2	2.558353E-9	3.160731E+7	2.068752E-10	8.000000E-1
9.070994E-2	7.331303E-10	1.237296E+8	6.650221E-11	9.000000E-1
1.005742E-1	1.071809E-10	9.383594E+8	1.077963E-11	1.000000E+0
1.104214E-1	9.907131E-11	1.114565E+9	1.093959E-11	1.100000E+0
1.206488E-1	1.577806E-10	7.646618E+8	1.903604E-11	1.200000E+0
1.306227E-1	2.034189E-11	6.421365E+9	2.657113E-12	1.300000E+0
1.404870E-1	-8.322273E-11	-1.688084E+9	-1.169171E-11	1.400000E+0
1.504186E-1	-2.007877E-11	-7.491425E+9	-3.020220E-12	1.500000E+0
1.602237E-1	2.232476E-10	7.176951E+8	3.576956E-11	1.600000E+0
1.702061E-1	1.184581E-10	1.436846E+9	2.016229E-11	1.700000E+0
1.800871E-1	1.162617E-10	1.548980E+9	2.093723E-11	1.800000E+0
1.899852E-1	5.446926E-11	3.487934E+9	1.034835E-11	1.900000E+0
1.998071E-1	8.551337E-11	2.336560E+9	1.708618E-11	2.000000E+0
2.096797E-1	1.171910E-10	1.789213E+9	2.457257E-11	2.100000E+0
2.195776E-1	1.072651E-10	2.047055E+9	2.355301E-11	2.200000E+0
2.295687E-1	4.175635E-11	5.497815E+9	9.585951E-12	2.300000E+0
2.394073E-1	-6.628598E-11	-3.611734E+9	-1.586935E-11	2.400000E+0
2.494151E-1	4.940277E-10	5.048606E+8	1.232180E-10	2.500000E+0
2.592455E-1	3.688380E-10	7.028709E+8	9.561959E-11	2.500000E+0
2.691350E-1	4.619075E-11	5.826599E+9	1.243155E-11	2.600000E+0
2.791682E-1	-2.501850E-10	-1.115847E+9	-6.984370E-11	2.800000E+0
2.890154E-1	-3.583309E-11	-8.065601E+9	-1.035631E-11	2.900000E+0
2.990232E-1	1.614131E-10	1.852534E+9	4.826626E-11	3.000000E+0
3.088959E-1	3.491371E-11	8.847410E+9	1.078470E-11	3.000000E+0
3.189204E-1	3.009859E-11	1.059586E+10	9.599054E-12	3.100000E+0
3.286663E-1	-5.665587E-11	-5.801099E+9	-1.862088E-11	3.300000E+0
3.421452E-1	7.001252E-11	4.886915E+9	2.395445E-11	3.400000E+0
3.520600E-1	1.769983E-10	1.989059E+9	6.231402E-11	3.500000E+0
3.619750E-1	1.391542E-10	2.601251E+9	5.037034E-11	3.600000E+0
3.718221E-1	-7.211456E-11	-5.155992E+9	-2.681379E-11	3.600000E+0
3.818384E-1	-1.449308E-10	-2.634626E+9	-5.534014E-11	3.800000E+0
3.916857E-1	9.011722E-11	4.346402E+9	3.529763E-11	3.900000E+0
4.016260E-1	1.912746E-10	2.099735E+9	7.682085E-11	4.000000E+0
4.115070E-1	2.832664E-10	1.452721E+9	1.165661E-10	4.100000E+0
4.214133E-1	5.159723E-11	8.167363E+9	2.174376E-11	4.100000E+0
4.312607E-1	2.059544E-11	2.093962E+10	8.882004E-12	4.300000E+0
4.412431E-1	7.389825E-11	5.970955E+9	3.260709E-11	4.400000E+0
4.511496E-1	1.260186E-10	3.580024E+9	5.685324E-11	4.500000E+0
4.610134E-1	-1.022295E-10	-4.509593E+9	-4.712917E-11	4.500000E+0
4.709454E-1	-8.824896E-11	-5.336555E+9	-4.156044E-11	4.600000E+0
4.808687E-1	-1.818458E-10	-2.644376E+9	-8.744395E-11	4.700000E+0
4.907666E-1	6.701362E-11	7.323386E+9	3.288805E-11	4.900000E+0
5.006900E-1	6.899878E-11	7.256505E+9	3.454700E-11	5.000000E+0
5.105202E-1	4.162923E-11	1.226350E+10	2.125256E-11	5.000000E+0
5.204944E-1	4.243189E-11	1.226659E+10	2.208556E-11	5.100000E+0
5.303246E-1	1.045621E-10	5.071863E+9	5.545185E-11	5.200000E+0
5.402226E-1	1.255961E-10	4.301269E+9	6.784985E-11	5.300000E+0
5.505344E-1	-6.413176E-11	-8.584427E+9	-3.530674E-11	5.500000E+0
5.603397E-1	-6.468071E-11	-8.663166E+9	-3.624317E-11	5.500000E+0
5.701617E-1	-6.974910E-11	-8.174467E+9	-3.976827E-11	5.600000E+0
5.801349E-1	1.260603E-10	4.602043E+9	7.313198E-11	5.700000E+0
5.900248E-1	1.314247E-10	4.489451E+9	7.754383E-11	5.800000E+0
5.999820E-1	8.792087E-11	6.824114E+9	5.275094E-11	5.900000E+0
6.098720E-1	5.024592E-11	1.213774E+10	3.064358E-11	6.100000E+0
6.197187E-1	8.682269E-11	7.137751E+9	5.380564E-11	6.100000E+0
6.295915E-1	1.689312E-10	3.726911E+9	1.063576E-10	6.200000E+0
6.395319E-1	3.009878E-11	2.124777E+10	1.924913E-11	6.300000E+0
6.494548E-1	-5.010917E-11	-1.296080E+10	-3.254364E-11	6.400000E+0
6.593953E-1	-5.488179E-11	-1.201483E+10	-3.618879E-11	6.500000E+0
6.692845E-1	1.540214E-10	4.345399E+9	1.030841E-10	6.600000E+0
6.792080E-1	1.063785E-10	6.384824E+9	7.225313E-11	6.700000E+0
6.891904E-1	3.765910E-11	1.830077E+10	2.595429E-11	6.800000E+0
6.990457E-1	8.792059E-11	7.950876E+9	6.146051E-11	6.900000E+0
7.089777E-1	8.804751E-11	8.052217E+9	6.242372E-11	7.000000E+0
7.188843E-1	1.174444E-10	6.121061E+9	8.442894E-11	7.100000E+0
7.288162E-1	1.552705E-11	4.693848E+10	1.131637E-11	7.200000E+0
7.420333E-1	-3.452355E-11	-2.149354E+10	-2.561762E-11	7.300000E+0
7.519228E-1	-4.166159E-11	-1.804835E+10	-3.132630E-11	7.400000E+0
7.619979E-1	1.636939E-10	4.655017E+9	1.247344E-10	7.500000E+0
7.718364E-1	1.399987E-10	5.513168E+9	1.080561E-10	7.600000E+0
7.817345E-1	9.687501E-11	8.069517E+9	7.573054E-11	7.700000E+0
7.917169E-1	8.576678E-11	9.231044E+9	6.790301E-11	7.800000E+0
8.015729E-1	1.253006E-10	6.397199E+9	1.004376E-10	7.900000E+0
8.115218E-1	1.437582E-10	5.645047E+9	1.166629E-10	8.000000E+0
8.214193E-1	3.318193E-11	2.475502E+10	2.725628E-11	8.100000E+0
8.312323E-1	2.731074E-11	3.043610E+10	2.270157E-11	8.200000E+0
8.411138E-1	1.126094E-11	7.469304E+10	9.471732E-12	8.300000E+0
8.510965E-1	1.674529E-10	5.082602E+9	1.425186E-10	8.400000E+0
8.610369E-1	1.648344E-10	5.223648E+9	1.419285E-10	8.500000E+0
8.709762E-1	1.397029E-10	6.234489E+9	1.216779E-10	8.600000E+0
8.808743E-1	5.700337E-11	1.545302E+10	5.021280E-11	8.700000E+0
8.907225E-1	5.011913E-11	1.777211E+10	4.464224E-11	8.800000E+0
9.006793E-1	2.413675E-10	3.731568E+9	2.173947E-10	8.900000E+0
9.105515E-1	1.840518E-10	4.947257E+9	1.675886E-10	9.000000E+0
9.203901E-1	1.862903E-10	4.940623E+9	1.714597E-10	9.100000E+0
9.302882E-1	-1.838935E-11	-5.058842E+10	-1.710740E-11	9.200000E+0
9.401860E-1	-4.233766E-11	-2.220685E+10	-3.980528E-11	9.300000E+0
9.501435E-1	9.374956E-11	1.013491E+10	8.907554E-11	9.400000E+0
9.600919E-1	1.764492E-10	5.441180E+9	1.694074E-10	9.500000E+0
9.701414E-1	5.679199E-11	1.708236E+10	5.509626E-11	9.600000E+0
9.800311E-1	6.135367E-11	1.597347E+10	6.012850E-11	9.700000E+0
9.901320E-1	2.372075E-11	4.174118E+10	2.348667E-11	9.800000E+0
1.000005E+0	1.281302E-10	7.804600E+9	1.281308E-10	9.900000E+0
1.009928E+0	2.028052E-10	4.979793E+9	2.048187E-10	1.000000E+1
1.019767E+0	1.620041E-10	6.294699E+9	1.652064E-10	1.010000E+1
1.029792E+0	9.894474E-11	1.040775E+10	1.018925E-10	1.020000E+1
1.039690E+0	2.166167E-10	4.799676E+9	2.252142E-10	1.030000E+1
1.049495E+0	2.463089E-10	4.260889E+9	2.585000E-10	1.040000E+1
1.059427E+0	1.148682E-10	9.222979E+9	1.216945E-10	1.050000E+1
1.069316E+0	5.915757E-11	1.807573E+10	6.325814E-11	1.060000E+1
1.079231E+0	3.005637E-11	3.590690E+10	3.243777E-11	1.070000E+1
1.089273E+0	1.698605E-10	6.412750E+9	1.850245E-10	1.080000E+1
1.099111E+0	2.217270E-10	4.957046E+9	2.437026E-10	1.090000E+1
1.109078E+0	1.834610E-10	6.045307E+9	2.034726E-10	1.100000E+1
1.118958E+0	1.413504E-10	7.916200E+9	1.581652E-10	1.110000E+1
1.128924E+0	1.542751E-10	7.317603E+9	1.741649E-10	1.120000E+1
1.142132E+0	1.461656E-10	7.813959E+9	1.669404E-10	1.130000E+1
1.151979E+0	1.687622E-10	6.826049E+9	1.944105E-10	1.140000E+1
1.161852E+0	1.479394E-10	7.853567E+9	1.718837E-10	1.150000E+1
1.171775E+0	7.187093E-11	1.630388E+10	8.421656E-11	1.160000E+1
1.181825E+0	1.100952E-10	1.073457E+10	1.301133E-10	1.170000E+1
1.191715E+0	-4.593091E-10	-2.594582E+9	-5.473655E-10	1.180000E+1
1.201680E+0	-1.013424E-10	-1.185762E+10	-1.217811E-10	1.190000E+1
1.211502E+0	-1.906514E-11	-6.354540E+10	-2.309746E-11	1.200000E+1
1.221552E+0	-1.072170E-12	-1.139327E+12	-1.309711E-12	1.210000E+1
1.231348E+0	8.988256E-10	1.369952E+9	1.106767E-9	1.220000E+1
1.241323E+0	7.586419E-10	1.636244E+9	9.417196E-10	1.230000E+1
1.251254E+0	7.857578E-10	1.592417E+9	9.831826E-10	1.240000E+1
1.261101E+0	1.152120E-9	1.094592E+9	1.452940E-9	1.250000E+1
1.270991E+0	6.226815E-10	2.041157E+9	7.914226E-10	1.260000E+1
1.280906E+0	6.479810E-10	1.976765E+9	8.300028E-10	1.270000E+1
1.290906E+0	4.565221E-10	2.827697E+9	5.893271E-10	1.280000E+1
1.300863E+0	5.235523E-10	2.484686E+9	6.810698E-10	1.290000E+1
1.310710E+0	3.236026E-10	4.050369E+9	4.241492E-10	1.300000E+1
1.320633E+0	1.776318E-10	7.434665E+9	2.345864E-10	1.310000E+1
1.330480E+0	-1.374323E-11	-9.680985E+10	-1.828509E-11	1.320000E+1
1.340362E+0	2.205870E-10	6.076342E+9	2.956664E-10	1.330000E+1
1.350361E+0	2.087606E-10	6.468467E+9	2.819022E-10	1.340000E+1
1.360208E+0	1.401680E-10	9.704126E+9	1.906576E-10	1.350000E+1
1.370005E+0	8.078291E-11	1.695909E+10	1.106730E-10	1.360000E+1
1.380029E+0	3.142682E-10	4.391246E+9	4.336992E-10	1.370000E+1
1.390069E+0	-6.953835E-11	-1.998996E+10	-9.666310E-11	1.380000E+1
1.400180E+0	-2.742600E-10	-5.105302E+9	-3.840134E-10	1.390000E+1
1.410069E+0	-5.003249E-10	-2.818307E+9	-7.054926E-10	1.400000E+1
1.419933E+0	-2.748936E-10	-5.165391E+9	-3.903305E-10	1.410000E+1
1.429858E+0	-2.740910E-10	-5.216727E+9	-3.919112E-10	1.420000E+1
1.439772E+0	-4.969034E-10	-2.897489E+9	-7.154276E-10	1.430000E+1
1.449712E+0	-2.256876E-10	-6.423534E+9	-3.271820E-10	1.440000E+1
1.459635E+0	-8.041290E-12	-1.815175E+11	-1.173735E-11	1.450000E+1
1.469457E+0	8.014922E-11	1.833401E+10	1.177758E-10	1.460000E+1
1.479431E+0	3.525152E-11	4.196786E+10	5.215219E-11	1.470000E+1
1.489304E+0	8.965265E-11	1.661194E+10	1.335201E-10	1.480000E+1
1.499295E+0	1.286796E-10	1.165138E+10	1.929287E-10	1.490000E+1
1.509235E+0	1.531346E-10	9.855611E+9	2.311161E-10	1.500000E+1
1.519048E+0	2.293296E-10	6.623864E+9	3.483627E-10	1.510000E+1
1.529031E+0	2.467737E-10	6.196086E+9	3.773246E-10	1.520000E+1
1.542223E+0	2.807744E-10	5.492748E+9	4.330167E-10	1.530000E+1
1.552044E+0	5.368558E-10	2.890989E+9	8.332238E-10	1.540000E+1
1.562044E+0	7.098584E-10	2.200501E+9	1.108830E-9	1.550000E+1
1.571983E+0	6.577380E-10	2.389984E+9	1.033953E-9	1.560000E+1
1.581797E+0	1.075292E-9	1.471039E+9	1.700894E-9	1.570000E+1
1.591730E+0	1.077066E-9	1.477839E+9	1.714398E-9	1.580000E+1
1.601754E+0	8.148169E-10	1.965784E+9	1.305136E-9	1.590000E+1
1.611694E+0	7.611339E-10	2.117491E+9	1.226715E-9	1.600000E+1
1.621617E+0	7.942050E-10	2.041812E+9	1.287896E-9	1.610000E+1
1.631532E+0	8.166331E-10	1.997876E+9	1.332363E-9	1.620000E+1
1.641388E+0	9.344741E-10	1.756483E+9	1.533835E-9	1.630000E+1
1.651361E+0	1.026423E-9	1.608850E+9	1.694995E-9	1.640000E+1
1.661191E+0	1.123483E-9	1.478608E+9	1.866320E-9	1.650000E+1
1.671183E+0	1.137549E-9	1.469109E+9	1.901053E-9	1.650000E+1
1.681031E+0	1.090708E-9	1.541229E+9	1.833514E-9	1.660000E+1
1.690996E+0	9.311796E-10	1.815972E+9	1.574621E-9	1.680000E+1
1.700860E+0	8.125360E-10	2.093273E+9	1.382010E-9	1.690000E+1
1.710817E+0	6.182466E-10	2.767208E+9	1.057707E-9	1.700000E+1
1.720724E+0	1.084880E-9	1.586096E+9	1.866779E-9	1.710000E+1
1.730596E+0	1.245675E-9	1.389284E+9	2.155760E-9	1.710000E+1
1.740486E+0	1.600633E-9	1.087374E+9	2.785879E-9	1.720000E+1
1.750417E+0	1.785124E-9	9.805577E+8	3.124711E-9	1.740000E+1
1.760256E+0	2.070392E-9	8.502042E+8	3.644420E-9	1.750000E+1
1.770155E+0	2.378425E-9	7.442551E+8	4.210181E-9	1.750000E+1
1.780153E+0	2.765018E-9	6.438124E+8	4.922155E-9	1.760000E+1
1.789976E+0	3.122850E-9	5.731867E+8	5.589827E-9	1.770000E+1
1.799815E+0	3.454367E-9	5.210260E+8	6.217222E-9	1.780000E+1
1.809721E+0	3.768228E-9	4.802578E+8	6.819441E-9	1.800000E+1
1.819938E+0	4.333057E-9	4.200125E+8	7.885895E-9	1.810000E+1
1.829940E+0	4.630706E-9	3.951752E+8	8.473914E-9	1.810000E+1
1.839938E+0	4.896924E-9	3.757334E+8	9.010037E-9	1.820000E+1
1.849810E+0	5.312491E-9	3.482001E+8	9.827099E-9	1.830000E+1
1.859683E+0	5.772619E-9	3.221559E+8	1.073524E-8	1.840000E+1
1.869624E+0	6.320348E-9	2.958103E+8	1.181667E-8	1.860000E+1
1.879496E+0	6.895824E-9	2.725557E+8	1.296067E-8	1.860000E+1
1.889411E+0	7.520633E-9	2.512303E+8	1.420957E-8	1.870000E+1
1.899283E+0	8.188692E-9	2.319397E+8	1.555264E-8	1.880000E+1
1.909198E+0	8.903677E-9	2.144280E+8	1.699888E-8	1.890000E+1
1.919157E+0	9.733554E-9	1.971692E+8	1.868022E-8	1.900000E+1
1.929062E+0	1.068489E-8	1.805411E+8	2.061182E-8	1.910000E+1
1.938985E+0	1.165241E-8	1.664021E+8	2.259385E-8	1.920000E+1
1.952245E+0	1.318620E-8	1.480521E+8	2.574269E-8	1.930000E+1
1.962101E+0	1.450408E-8	1.352792E+8	2.845847E-8	1.940000E+1
1.971964E+0	1.603165E-8	1.230044E+8	3.161384E-8	1.960000E+1
1.981965E+0	1.774880E-8	1.116675E+8	3.517750E-8	1.960000E+1
1.991888E+0	1.965871E-8	1.013234E+8	3.915795E-8	1.970000E+1
2.001718E+0	2.174165E-8	9.206836E+7	4.352065E-8	1.980000E+1
2.011658E+0	2.395339E-8	8.398218E+7	4.818603E-8	1.990000E+1
2.021548E+0	2.650120E-8	7.628138E+7	5.357345E-8	2.000000E+1
2.031631E+0	2.939015E-8	6.912625E+7	5.970994E-8	2.010000E+1
2.041580E+0	3.244477E-8	6.292478E+7	6.623859E-8	2.020000E+1
2.051445E+0	3.588540E-8	5.716656E+7	7.361692E-8	2.030000E+1
2.061401E+0	3.978439E-8	5.181432E+7	8.201158E-8	2.040000E+1
2.071368E+0	4.433599E-8	4.671979E+7	9.183615E-8	2.050000E+1
2.081230E+0	4.925866E-8	4.225105E+7	1.025186E-7	2.060000E+1
2.091111E+0	5.500602E-8	3.801604E+7	1.150237E-7	2.070000E+1
2.101078E+0	6.155860E-8	3.413135E+7	1.293394E-7	2.080000E+1
2.110975E+0	6.891749E-8	3.063047E+7	1.454831E-7	2.090000E+1
2.120796E+0	7.752579E-8	2.735601E+7	1.644164E-7	2.100000E+1
2.130830E+0	8.730836E-8	2.440580E+7	1.860393E-7	2.110000E+1
2.140745E+0	9.887017E-8	2.165208E+7	2.116558E-7	2.120000E+1
2.150728E+0	1.123334E-7	1.914594E+7	2.415986E-7	2.130000E+1
2.160523E+0	1.280604E-7	1.687112E+7	2.766774E-7	2.140000E+1
2.170507E+0	1.466602E-7	1.479956E+7	3.183270E-7	2.150000E+1
2.180437E+0	1.686704E-7	1.292721E+7	3.677752E-7	2.160000E+1
2.190473E+0	1.948350E-7	1.124271E+7	4.267808E-7	2.170000E+1
2.200344E+0	2.264415E-7	9.717053E+6	4.982492E-7	2.180000E+1
2.210310E+0	2.649499E-7	8.342370E+6	5.856214E-7	2.190000E+1
2.220258E+0	3.123365E-7	7.108545E+6	6.934676E-7	2.200000E+1
2.230214E+0	3.709807E-7	6.011671E+6	8.273664E-7	2.210000E+1
2.240628E+0	4.467163E-7	5.015774E+6	1.000925E-6	2.220000E+1
2.250695E+0	5.403651E-7	4.165138E+6	1.216197E-6	2.230000E+1
2.260838E+0	6.619682E-7	3.415327E+6	1.496603E-6	2.240000E+1
2.270996E+0	8.178630E-7	2.776744E+6	1.857364E-6	2.250000E+1
2.281301E+0	1.023996E-6	2.227842E+6	2.336043E-6	2.260000E+1
2.289619E+0	1.258500E-6	1.819324E+6	2.881486E-6	2.290000E+1
2.299714E+0	1.601885E-6	1.435630E+6	3.683877E-6	2.300000E+1
2.309617E+0	2.057604E-6	1.122479E+6	4.752277E-6	2.310000E+1
2.319541E+0	2.657768E-6	8.727402E+5	6.164802E-6	2.320000E+1
2.329618E+0	3.466059E-6	6.721230E+5	8.074593E-6	2.330000E+1
2.339701E+0	4.556307E-6	5.135082E+5	1.066040E-5	2.340000E+1
2.353358E+0	6.632089E-6	3.548442E+5	1.560768E-5	2.350000E+1
2.363575E+0	8.815898E-6	2.681037E+5	2.083704E-5	2.360000E+1
2.372182E+0	1.133763E-5	2.092309E+5	2.689492E-5	2.390000E+1
2.382215E+0	1.498101E-5	1.590156E+5	3.568799E-5	2.400000E+1
2.392146E+0	1.980308E-5	1.207967E+5	4.737186E-5	2.410000E+1
2.402170E+0	2.613045E-5	9.192991E+4	6.276978E-5	2.420000E+1
2.412170E+0	3.442276E-5	7.007486E+4	8.303355E-5	2.430000E+1
2.422272E+0	4.522489E-5	5.356059E+4	1.095470E-4	2.440000E+1
2.432312E+0	5.944815E-5	4.091485E+4	1.445964E-4	2.450000E+1
2.442565E+0	7.767592E-5	3.144559E+4	1.897285E-4	2.460000E+1
2.453147E+0	1.017466E-4	2.411036E+4	2.495994E-4	2.470000E+1
2.461474E+0	1.278931E-4	1.924634E+4	3.148055E-4	2.500000E+1
2.471475E+0	1.638351E-4	1.508514E+4	4.049144E-4	2.500000E+1
2.481473E+0	2.080134E-4	1.192939E+4	5.161796E-4	2.510000E+1
2.491464E+0	2.620820E-4	9.506429E+3	6.529679E-4	2.520000E+1
2.501454E+0	3.272445E-4	7.643991E+3	8.185871E-4	2.540000E+1
2.511514E+0	4.040278E-4	6.216191E+3	1.014721E-3	2.550000E+1
2.521572E+0	4.926643E-4	5.118236E+3	1.242289E-3	2.560000E+1
2.531646E+0	5.944263E-4	4.258974E+3	1.504877E-3	2.560000E+1
2.541756E+0	7.094419E-4	3.582754E+3	1.803228E-3	2.570000E+1
2.551883E+0	8.377121E-4	3.046253E+3	2.137743E-3	2.580000E+1
2.562007E+0	9.794147E-4	2.615855E+3	2.509267E-3	2.600000E+1
2.570394E+0	1.117477E-3	2.300176E+3	2.872356E-3	2.620000E+1
2.580301E+0	1.280714E-3	2.014736E+3	3.304628E-3	2.630000E+1
2.590301E+0	1.455560E-3	1.779591E+3	3.770339E-3	2.640000E+1
2.600172E+0	1.643154E-3	1.582427E+3	4.272483E-3	2.650000E+1
2.610138E+0	1.842245E-3	1.416825E+3	4.808514E-3	2.660000E+1
2.620071E+0	2.053287E-3	1.276037E+3	5.379758E-3	2.670000E+1
2.629961E+0	2.275763E-3	1.155639E+3	5.985168E-3	2.680000E+1
2.639867E+0	2.507254E-3	1.052892E+3	6.618817E-3	2.690000E+1
2.649729E+0	2.750891E-3	9.632257E+2	7.289116E-3	2.700000E+1
2.659741E+0	3.000980E-3	8.862908E+2	7.981830E-3	2.710000E+1
2.669670E+0	3.269583E-3	8.165170E+2	8.728708E-3	2.720000E+1
2.679669E+0	3.544440E-3	7.560204E+2	9.497926E-3	2.730000E+1
2.689533E+0	3.831705E-3	7.019155E+2	1.030550E-2	2.740000E+1
2.699549E+0	4.129368E-3	6.537439E+2	1.114743E-2	2.750000E+1
2.709558E+0	4.439025E-3	6.103949E+2	1.202780E-2	2.760000E+1
2.719515E+0	4.757352E-3	5.716447E+2	1.293769E-2	2.770000E+1
2.729523E+0	5.085533E-3	5.367231E+2	1.388108E-2	2.780000E+1
2.739411E+0	5.424397E-3	5.050167E+2	1.485965E-2	2.790000E+1
2.752772E+0	5.891010E-3	4.672835E+2	1.621661E-2	2.800000E+1
2.762705E+0	6.261130E-3	4.412470E+2	1.729766E-2	2.810000E+1
2.772746E+0	6.640919E-3	4.175244E+2	1.841358E-2	2.820000E+1
2.782719E+0	7.031026E-3	3.957771E+2	1.956537E-2	2.830000E+1
2.792685E+0	7.429041E-3	3.759146E+2	2.074697E-2	2.840000E+1
2.802718E+0	7.843917E-3	3.573110E+2	2.198429E-2	2.850000E+1
2.812675E+0	8.267300E-3	3.402169E+2	2.325323E-2	2.860000E+1
2.822658E+0	8.704209E-3	3.242866E+2	2.456901E-2	2.870000E+1
2.832690E+0	9.151057E-3	3.095478E+2	2.592211E-2	2.880000E+1
2.842715E+0	9.612687E-3	2.957253E+2	2.732613E-2	2.890000E+1
2.852733E+0	1.008758E-2	2.827966E+2	2.877717E-2	2.900000E+1
2.860991E+0	1.056595E-2	2.707746E+2	3.022909E-2	2.920000E+1
2.871074E+0	1.103611E-2	2.601527E+2	3.168549E-2	2.930000E+1
2.880955E+0	1.154599E-2	2.495200E+2	3.326348E-2	2.940000E+1
2.890869E+0	1.206843E-2	2.395398E+2	3.488825E-2	2.950000E+1
2.900872E+0	1.260577E-2	2.301226E+2	3.656773E-2	2.960000E+1
2.910743E+0	1.315403E-2	2.212815E+2	3.828800E-2	2.970000E+1
2.920698E+0	1.372006E-2	2.128779E+2	4.007215E-2	2.980000E+1
2.930563E+0	1.429956E-2	2.049408E+2	4.190576E-2	2.990000E+1
2.940488E+0	1.489334E-2	1.974364E+2	4.379369E-2	3.000000E+1
2.950411E+0	1.550151E-2	1.903306E+2	4.573583E-2	3.010000E+1
2.960316E+0	1.612896E-2	1.835404E+2	4.774682E-2	3.020000E+1
2.970196E+0	1.676650E-2	1.771506E+2	4.979979E-2	3.030000E+1
2.980181E+0	1.742436E-2	1.710353E+2	5.192775E-2	3.040000E+1
2.990096E+0	1.809971E-2	1.652013E+2	5.411987E-2	3.050000E+1
2.999932E+0	1.878620E-2	1.596881E+2	5.635732E-2	3.060000E+1
3.009899E+0	1.948509E-2	1.544719E+2	5.864815E-2	3.070000E+1
3.019901E+0	2.020859E-2	1.494365E+2	6.102794E-2	3.080000E+1
3.029798E+0	2.094191E-2	1.446763E+2	6.344976E-2	3.090000E+1
3.039720E+0	2.169329E-2	1.401226E+2	6.594153E-2	3.100000E+1
3.049576E+0	2.246297E-2	1.357601E+2	6.850253E-2	3.110000E+1
3.059541E+0	2.324481E-2	1.316225E+2	7.111845E-2	3.120000E+1
3.069474E+0	2.404734E-2	1.276430E+2	7.381268E-2	3.130000E+1
3.079371E+0	2.486373E-2	1.238499E+2	7.656465E-2	3.140000E+1
3.089540E+0	2.571661E-2	1.201379E+2	7.945250E-2	3.150000E+1
3.099548E+0	2.657085E-2	1.166522E+2	8.235762E-2	3.160000E+1
3.109411E+0	2.743435E-2	1.133401E+2	8.530467E-2	3.170000E+1
3.119394E+0	2.831504E-2	1.101674E+2	8.832577E-2	3.180000E+1
3.129275E+0	2.920923E-2	1.071331E+2	9.140371E-2	3.190000E+1
3.139189E+0	3.012218E-2	1.042152E+2	9.455922E-2	3.200000E+1
3.152338E+0	3.131640E-2	1.006609E+2	9.871988E-2	3.210000E+1
3.162338E+0	3.228557E-2	9.794896E+1	1.020979E-1	3.220000E+1
3.172263E+0	3.324645E-2	9.541659E+1	1.054665E-1	3.230000E+1
3.182143E+0	3.421285E-2	9.301017E+1	1.088702E-1	3.240000E+1
3.192116E+0	3.519554E-2	9.069661E+1	1.123482E-1	3.250000E+1
3.202014E+0	3.618852E-2	8.848149E+1	1.158761E-1	3.260000E+1
3.211920E+0	3.719295E-2	8.635830E+1	1.194608E-1	3.270000E+1
3.221948E+0	3.820125E-2	8.434143E+1	1.230824E-1	3.280000E+1
3.231860E+0	3.922565E-2	8.239150E+1	1.267718E-1	3.290000E+1
3.241735E+0	4.025381E-2	8.053238E+1	1.304922E-1	3.300000E+1
3.251698E+0	4.128660E-2	7.875916E+1	1.342516E-1	3.300000E+1
3.261612E+0	4.232583E-2	7.705961E+1	1.380504E-1	3.320000E+1
3.271487E+0	4.337117E-2	7.542999E+1	1.418882E-1	3.330000E+1
3.281494E+0	4.442906E-2	7.385918E+1	1.457937E-1	3.340000E+1
3.291358E+0	4.548610E-2	7.235964E+1	1.497110E-1	3.350000E+1
3.301416E+0	4.656596E-2	7.089763E+1	1.537336E-1	3.360000E+1
3.311306E+0	4.763056E-2	6.952062E+1	1.577194E-1	3.360000E+1
3.321289E+0	4.869499E-2	6.820597E+1	1.617301E-1	3.380000E+1
3.331160E+0	4.977363E-2	6.692620E+1	1.658039E-1	3.390000E+1
3.341151E+0	5.084249E-2	6.571572E+1	1.698724E-1	3.400000E+1
3.351142E+0	5.191158E-2	6.455481E+1	1.739631E-1	3.400000E+1
3.361118E+0	5.299145E-2	6.342755E+1	1.781105E-1	3.410000E+1
3.370897E+0	5.406894E-2	6.234443E+1	1.822608E-1	3.430000E+1
3.380853E+0	5.513377E-2	6.132091E+1	1.863992E-1	3.440000E+1
3.390795E+0	5.620831E-2	6.032551E+1	1.905909E-1	3.450000E+1
3.400734E+0	5.729124E-2	5.935871E+1	1.948323E-1	3.460000E+1
3.410699E+0	5.835522E-2	5.844720E+1	1.990321E-1	3.460000E+1
3.420597E+0	5.942710E-2	5.755955E+1	2.032762E-1	3.470000E+1
3.430460E+0	6.049320E-2	5.670819E+1	2.075195E-1	3.490000E+1
3.440444E+0	6.155917E-2	5.588841E+1	2.117909E-1	3.500000E+1
3.450333E+0	6.262312E-2	5.509679E+1	2.160706E-1	3.500000E+1
3.460258E+0	6.367765E-2	5.434023E+1	2.203411E-1	3.510000E+1
3.470173E+0	6.472414E-2	5.361482E+1	2.246040E-1	3.520000E+1
3.480094E+0	6.575793E-2	5.292280E+1	2.288438E-1	3.540000E+1
3.490011E+0	6.677791E-2	5.226296E+1	2.330556E-1	3.550000E+1
3.499854E+0	6.778004E-2	5.163547E+1	2.372202E-1	3.550000E+1
3.510253E+0	6.880026E-2	5.102093E+1	2.415063E-1	3.560000E+1
3.520228E+0	6.981371E-2	5.042316E+1	2.457602E-1	3.570000E+1
3.530135E+0	7.075315E-2	4.989368E+1	2.497682E-1	3.580000E+1
3.540056E+0	7.125390E-2	4.968228E+1	2.522428E-1	3.600000E+1
3.553290E+0	7.241447E-2	4.906878E+1	2.573096E-1	3.610000E+1
3.563189E+0	7.336256E-2	4.856958E+1	2.614047E-1	3.610000E+1
3.573120E+0	7.438503E-2	4.803547E+1	2.657866E-1	3.620000E+1
3.583086E+0	7.548217E-2	4.746930E+1	2.704591E-1	3.630000E+1
3.593009E+0	7.664396E-2	4.687922E+1	2.753824E-1	3.650000E+1
3.602922E+0	7.773405E-2	4.634934E+1	2.800697E-1	3.650000E+1
3.612848E+0	7.899100E-2	4.573746E+1	2.853825E-1	3.660000E+1
3.622838E+0	8.021913E-2	4.516177E+1	2.906209E-1	3.670000E+1
3.632710E+0	8.156613E-2	4.453699E+1	2.963061E-1	3.680000E+1
3.642735E+0	8.297830E-2	4.389985E+1	3.022680E-1	3.690000E+1
3.652593E+0	8.435427E-2	4.330063E+1	3.081118E-1	3.710000E+1
3.662616E+0	8.577891E-2	4.269833E+1	3.141752E-1	3.710000E+1
3.672558E+0	8.729515E-2	4.207058E+1	3.205965E-1	3.720000E+1
3.682454E+0	8.887849E-2	4.143245E+1	3.272910E-1	3.730000E+1
3.692362E+0	9.045579E-2	4.081952E+1	3.339955E-1	3.740000E+1
3.702343E+0	9.206264E-2	4.021548E+1	3.408475E-1	3.750000E+1
3.712265E+0	9.371040E-2	3.961423E+1	3.478778E-1	3.760000E+1
3.722272E+0	9.538342E-2	3.902431E+1	3.550430E-1	3.770000E+1
3.732356E+0	9.704387E-2	3.846050E+1	3.622023E-1	3.780000E+1
3.742238E+0	9.874754E-2	3.789703E+1	3.695368E-1	3.790000E+1
3.752136E+0	1.004452E-1	3.735506E+1	3.768841E-1	3.800000E+1
3.762085E+0	1.021601E-1	3.682538E+1	3.843350E-1	3.810000E+1
3.771914E+0	1.039152E-1	3.629800E+1	3.919592E-1	3.820000E+1
3.776535E+0	1.050052E-1	3.596522E+1	3.965558E-1	3.830000E+1
3.774143E+0	1.050051E-1	3.594247E+1	3.963043E-1	3.840000E+1
3.771974E+0	1.050052E-1	3.592178E+1	3.960769E-1	3.850000E+1
3.770014E+0	1.050051E-1	3.590315E+1	3.958707E-1	3.860000E+1
3.768225E+0	1.050052E-1	3.588608E+1	3.956832E-1	3.870000E+1
3.766341E+0	1.050051E-1	3.586817E+1	3.954850E-1	3.880000E+1
3.764702E+0	1.050051E-1	3.585256E+1	3.953129E-1	3.890000E+1
3.763193E+0	1.050052E-1	3.583816E+1	3.951548E-1	3.900000E+1
3.761654E+0	1.050052E-1	3.582350E+1	3.949932E-1	3.910000E+1
3.760125E+0	1.050051E-1	3.580897E+1	3.948323E-1	3.920000E+1
3.758704E+0	1.050051E-1	3.579544E+1	3.946831E-1	3.930000E+1
3.757304E+0	1.050051E-1	3.578211E+1	3.945361E-1	3.940000E+1
3.756055E+0	1.050052E-1	3.577018E+1	3.944053E-1	3.950000E+1
3.754839E+0	1.050052E-1	3.575860E+1	3.942776E-1	3.960000E+1
3.753539E+0	1.050052E-1	3.574622E+1	3.941411E-1	3.970000E+1
3.752475E+0	1.050052E-1	3.573609E+1	3.940294E-1	3.980000E+1
3.751172E+0	1.050051E-1	3.572371E+1	3.938922E-1	3.990000E+1
3.749997E+0	1.050051E-1	3.571252E+1	3.937688E-1	4.000000E+1
3.748900E+0	1.050051E-1	3.570208E+1	3.936536E-1	4.010000E+1
3.747897E+0	1.050052E-1	3.569249E+1	3.935487E-1	4.020000E+1
3.746798E+0	1.050052E-1	3.568202E+1	3.934333E-1	4.030000E+1
3.745795E+0	1.050052E-1	3.567247E+1	3.933280E-1	4.040000E+1
3.744813E+0	1.050051E-1	3.566315E+1	3.932245E-1	4.050000E+1
