Voltage (V)	Current (A)	Resistance (Ohm)	Power (W)	Time(s)
5.105056E-2	8.708034E-13	5.862467E+10	4.445500E-14	0.000000E+0
1.004727E-1	6.920955E-11	1.451717E+9	6.953670E-12	1.000000E-1
1.998577E-1	4.800696E-11	4.163098E+9	9.594561E-12	2.000000E-1
2.990401E-1	-1.344752E-11	-2.223756E+10	-4.021348E-12	3.000000E-1
4.015835E-1	-4.208422E-11	-9.542377E+9	-1.690033E-11	4.000000E-1
5.006984E-1	-1.007250E-13	-4.970945E+12	-5.043285E-14	5.000000E-1
6.000748E-1	3.799686E-11	1.579275E+10	2.280096E-11	6.000000E-1
6.991473E-1	8.885004E-11	7.868846E+9	6.211927E-11	7.000000E-1
8.015977E-1	1.185002E-10	6.764526E+9	9.498949E-11	8.000000E-1
9.007384E-1	1.361132E-10	6.617568E+9	1.226024E-10	9.000000E-1
9.999799E-1	1.402948E-10	7.127705E+9	1.402920E-10	1.000000E+0
1.099137E+0	1.292708E-10	8.502593E+9	1.420863E-10	1.100000E+0
1.201739E+0	9.218673E-11	1.303592E+10	1.107844E-10	1.200000E+0
1.300778E+0	9.007498E-11	1.444106E+10	1.171676E-10	1.300000E+0
1.400087E+0	9.645262E-11	1.451580E+10	1.350421E-10	1.400000E+0
1.499219E+0	1.071809E-10	1.398774E+10	1.606876E-10	1.500000E+0
1.601788E+0	5.598996E-11	2.860849E+10	8.968405E-11	1.600000E+0
1.700843E+0	4.826056E-11	3.524292E+10	8.208364E-11	1.700000E+0
1.799831E+0	7.960030E-11	2.261086E+10	1.432671E-10	1.800000E+0
1.899352E+0	7.660161E-11	2.479520E+10	1.454934E-10	1.900000E+0
2.001734E+0	1.158394E-10	1.728025E+10	2.318797E-10	2.000000E+0
2.100993E+0	8.382403E-11	2.506433E+10	1.761137E-10	2.100000E+0
2.199973E+0	9.091991E-11	2.419682E+10	2.000213E-10	2.200000E+0
2.299382E+0	8.762513E-11	2.624113E+10	2.014836E-10	2.300000E+0
2.401757E+0	9.586129E-11	2.505450E+10	2.302355E-10	2.400000E+0
2.500913E+0	1.083211E-10	2.308796E+10	2.709016E-10	2.500000E+0
2.599988E+0	8.137446E-11	3.195091E+10	2.115726E-10	2.600000E+0
2.698991E+0	8.859649E-11	3.046386E+10	2.391211E-10	2.700000E+0
2.801383E+0	8.534445E-11	3.282443E+10	2.390825E-10	2.800000E+0
2.900634E+0	1.057449E-10	2.743049E+10	3.067273E-10	2.900000E+0
2.999705E+0	1.314669E-10	2.281719E+10	3.943619E-10	3.000000E+0
3.099107E+0	1.446872E-10	2.141936E+10	4.484011E-10	3.100000E+0
3.201499E+0	1.021546E-10	3.133974E+10	3.270478E-10	3.200000E+0
3.300716E+0	1.031685E-10	3.199345E+10	3.405299E-10	3.300000E+0
3.399787E+0	-9.513362E-11	-3.573697E+10	-3.234340E-10	3.400000E+0
3.498836E+0	6.519763E-11	5.366508E+10	2.281158E-10	3.500000E+0
3.601633E+0	1.592591E-10	2.261493E+10	5.735928E-10	3.600000E+0
3.700661E+0	1.611172E-10	2.296875E+10	5.962401E-10	3.700000E+0
3.799944E+0	1.223860E-10	3.104885E+10	4.650599E-10	3.800000E+0
3.898959E+0	1.224706E-10	3.183588E+10	4.775078E-10	3.900000E+0
4.001706E+0	8.669607E-11	4.615787E+10	3.469322E-10	4.000000E+0
4.100728E+0	9.091974E-11	4.510272E+10	3.728371E-10	4.100000E+0
4.199855E+0	9.543868E-11	4.400580E+10	4.008286E-10	4.200000E+0
4.298958E+0	1.107289E-10	3.882417E+10	4.760189E-10	4.300000E+0
4.401626E+0	1.170642E-10	3.760010E+10	5.152728E-10	4.400000E+0
4.500758E+0	1.162195E-10	3.872636E+10	5.230758E-10	4.500000E+0
4.599930E+0	9.793083E-11	4.697121E+10	4.504750E-10	4.600000E+0
4.699037E+0	1.154170E-10	4.071356E+10	5.423488E-10	4.700000E+0
4.801673E+0	1.146566E-10	4.187873E+10	5.505435E-10	4.800000E+0
4.900815E+0	1.054069E-10	4.649425E+10	5.165797E-10	4.900000E+0
5.000015E+0	8.783652E-11	5.692410E+10	4.391839E-10	5.000000E+0
5.099026E+0	8.162751E-11	6.246700E+10	4.162208E-10	5.100000E+0
5.201783E+0	1.187538E-10	4.380309E+10	6.177315E-10	5.200000E+0
5.300837E+0	1.216258E-10	4.358316E+10	6.447185E-10	5.300000E+0
5.399908E+0	1.280879E-10	4.215783E+10	6.916629E-10	5.400000E+0
5.499176E+0	7.592552E-11	7.242856E+10	4.175278E-10	5.500000E+0
5.601507E+0	7.617881E-11	7.353104E+10	4.267161E-10	5.600000E+0
5.700887E+0	7.127965E-11	7.997917E+10	4.063572E-10	5.700000E+0
5.799909E+0	1.068853E-10	5.426292E+10	6.199250E-10	5.700000E+0
5.899107E+0	1.133053E-10	5.206382E+10	6.684001E-10	5.900000E+0
6.001472E+0	1.283837E-10	4.674637E+10	7.704912E-10	6.000000E+0
6.100193E+0	1.082369E-10	5.635964E+10	6.602660E-10	6.100000E+0
6.199195E+0	9.662160E-11	6.415952E+10	5.989761E-10	6.200000E+0
6.298512E+0	1.204432E-10	5.229446E+10	7.586129E-10	6.200000E+0
6.400952E+0	1.011413E-10	6.328722E+10	6.474006E-10	6.400000E+0
6.500212E+0	1.022812E-10	6.355236E+10	6.648495E-10	6.500000E+0
6.599456E+0	8.048728E-11	8.199378E+10	5.311723E-10	6.600000E+0
6.698590E+0	1.324387E-10	5.057880E+10	8.871526E-10	6.700000E+0
6.800981E+0	1.332834E-10	5.102647E+10	9.064579E-10	6.800000E+0
6.900443E+0	1.395768E-10	4.943832E+10	9.631418E-10	6.800000E+0
6.999574E+0	9.459450E-11	7.399557E+10	6.621212E-10	7.000000E+0
7.098663E+0	8.221909E-11	8.633838E+10	5.836456E-10	7.100000E+0
7.201168E+0	7.491230E-11	9.612798E+10	5.394561E-10	7.200000E+0
7.300192E+0	1.388585E-10	5.257289E+10	1.013694E-9	7.200000E+0
7.399613E+0	1.412239E-10	5.239632E+10	1.045002E-9	7.300000E+0
7.498614E+0	1.519940E-10	4.933493E+10	1.139744E-9	7.400000E+0
7.601126E+0	9.725523E-11	7.815648E+10	7.392493E-10	7.600000E+0
7.700233E+0	1.323541E-10	5.817903E+10	1.019157E-9	7.700000E+0
7.799521E+0	8.918782E-11	8.745052E+10	6.956223E-10	7.800000E+0
7.898607E+0	1.462501E-10	5.400753E+10	1.155172E-9	7.800000E+0
8.001140E+0	8.906126E-11	8.983861E+10	7.125916E-10	7.900000E+0
8.100207E+0	1.128830E-10	7.175755E+10	9.143757E-10	8.000000E+0
8.199617E+0	1.391121E-10	5.894251E+10	1.140666E-9	8.200000E+0
8.298635E+0	1.655521E-10	5.012703E+10	1.373856E-9	8.200000E+0
8.401177E+0	1.646656E-10	5.101962E+10	1.383385E-9	8.300000E+0
8.500258E+0	1.245405E-10	6.825296E+10	1.058626E-9	8.400000E+0
8.599634E+0	1.144877E-10	7.511404E+10	9.845523E-10	8.500000E+0
8.698758E+0	1.453628E-10	5.984171E+10	1.264476E-9	8.700000E+0
8.801299E+0	1.718874E-10	5.120386E+10	1.512832E-9	8.700000E+0
8.900410E+0	1.465878E-10	6.071726E+10	1.304692E-9	8.800000E+0
8.999492E+0	1.692691E-10	5.316677E+10	1.523336E-9	8.900000E+0
9.098793E+0	2.052127E-10	4.433835E+10	1.867188E-9	9.000000E+0
9.201168E+0	2.401003E-10	3.832218E+10	2.209203E-9	9.200000E+0
9.300376E+0	2.299212E-10	4.045028E+10	2.138354E-9	9.300000E+0
9.399432E+0	2.604162E-10	3.609388E+10	2.447764E-9	9.300000E+0
9.498434E+0	2.483786E-10	3.824176E+10	2.359208E-9	9.400000E+0
9.600891E+0	3.082287E-10	3.114860E+10	2.959270E-9	9.500000E+0
9.700135E+0	3.337393E-10	2.906501E+10	3.237316E-9	9.600000E+0
9.799207E+0	3.492402E-10	2.805865E+10	3.422277E-9	9.700000E+0
9.898537E+0	3.076794E-10	3.217159E+10	3.045576E-9	9.800000E+0
1.000098E+1	2.567417E-10	3.895347E+10	2.567669E-9	9.900000E+0
1.010016E+1	3.087776E-10	3.271014E+10	3.118703E-9	1.000000E+1
1.019922E+1	3.825651E-10	2.666009E+10	3.901866E-9	1.010000E+1
1.029865E+1	4.533542E-10	2.271656E+10	4.668936E-9	1.020000E+1
1.040114E+1	4.713893E-10	2.206486E+10	4.902986E-9	1.030000E+1
1.050032E+1	4.590562E-10	2.287371E+10	4.820237E-9	1.040000E+1
1.059933E+1	5.346594E-10	1.982445E+10	5.667031E-9	1.050000E+1
1.069867E+1	5.325059E-10	2.009118E+10	5.697105E-9	1.060000E+1
1.080105E+1	5.783752E-10	1.867482E+10	6.247059E-9	1.070000E+1
1.090011E+1	6.195140E-10	1.759461E+10	6.752771E-9	1.080000E+1
1.099925E+1	6.880638E-10	1.598580E+10	7.568186E-9	1.090000E+1
1.109832E+1	7.752411E-10	1.431596E+10	8.603874E-9	1.100000E+1
1.120109E+1	7.541656E-10	1.485230E+10	8.447477E-9	1.110000E+1
1.130012E+1	7.777757E-10	1.452876E+10	8.788959E-9	1.120000E+1
1.139942E+1	7.791694E-10	1.463022E+10	8.882079E-9	1.130000E+1
1.149847E+1	9.776404E-10	1.176145E+10	1.124137E-8	1.140000E+1
1.160115E+1	1.032252E-9	1.123868E+10	1.197531E-8	1.150000E+1
1.170031E+1	1.058481E-9	1.105387E+10	1.238456E-8	1.160000E+1
1.179947E+1	1.054976E-9	1.118459E+10	1.244816E-8	1.170000E+1
1.189851E+1	1.132607E-9	1.050542E+10	1.347634E-8	1.180000E+1
1.200129E+1	1.230808E-9	9.750741E+9	1.477128E-8	1.190000E+1
1.210034E+1	1.347212E-9	8.981764E+9	1.630172E-8	1.200000E+1
1.219963E+1	1.437093E-9	8.489103E+9	1.753200E-8	1.210000E+1
1.229868E+1	1.529422E-9	8.041391E+9	1.880987E-8	1.220000E+1
1.240128E+1	1.609672E-9	7.704228E+9	1.996199E-8	1.230000E+1
1.250033E+1	1.690049E-9	7.396431E+9	2.112617E-8	1.240000E+1
1.259941E+1	1.783730E-9	7.063519E+9	2.247395E-8	1.250000E+1
1.269856E+1	1.861783E-9	6.820645E+9	2.364196E-8	1.260000E+1
1.280097E+1	1.986931E-9	6.442584E+9	2.543464E-8	1.270000E+1
1.290034E+1	2.120316E-9	6.084159E+9	2.735280E-8	1.280000E+1
1.299939E+1	2.352111E-9	5.526691E+9	3.057601E-8	1.290000E+1
1.309874E+1	2.462814E-9	5.318607E+9	3.225976E-8	1.300000E+1
1.320107E+1	2.561183E-9	5.154286E+9	3.381036E-8	1.310000E+1
1.330057E+1	2.750320E-9	4.836008E+9	3.658082E-8	1.320000E+1
1.339958E+1	2.871624E-9	4.666203E+9	3.847856E-8	1.330000E+1
1.349890E+1	3.036773E-9	4.445146E+9	4.099310E-8	1.340000E+1
1.360122E+1	3.263750E-9	4.167360E+9	4.439098E-8	1.350000E+1
1.370070E+1	3.608827E-9	3.796441E+9	4.944346E-8	1.360000E+1
1.379996E+1	3.668253E-9	3.761998E+9	5.062174E-8	1.370000E+1
1.389912E+1	3.914030E-9	3.551102E+9	5.440157E-8	1.380000E+1
1.400147E+1	4.105571E-9	3.410359E+9	5.748403E-8	1.390000E+1
1.410085E+1	4.342059E-9	3.247503E+9	6.122672E-8	1.400000E+1
1.419997E+1	4.608322E-9	3.081375E+9	6.543803E-8	1.410000E+1
1.429916E+1	4.875636E-9	2.932778E+9	6.971750E-8	1.420000E+1
1.440157E+1	5.182066E-9	2.779117E+9	7.462989E-8	1.430000E+1
1.450054E+1	5.440723E-9	2.665186E+9	7.889342E-8	1.440000E+1
1.460000E+1	5.671717E-9	2.574176E+9	8.280707E-8	1.450000E+1
1.469911E+1	5.905286E-9	2.489144E+9	8.680245E-8	1.460000E+1
1.480171E+1	6.407903E-9	2.309915E+9	9.484792E-8	1.470000E+1
1.490075E+1	6.698198E-9	2.224591E+9	9.980817E-8	1.480000E+1
1.500014E+1	7.158408E-9	2.095458E+9	1.073771E-7	1.490000E+1
1.509932E+1	7.397220E-9	2.041215E+9	1.116930E-7	1.500000E+1
1.520176E+1	7.730844E-9	1.966378E+9	1.175224E-7	1.510000E+1
1.530086E+1	8.155412E-9	1.876160E+9	1.247848E-7	1.520000E+1
1.540033E+1	8.564053E-9	1.798253E+9	1.318892E-7	1.530000E+1
1.549942E+1	8.944351E-9	1.732873E+9	1.386323E-7	1.540000E+1
1.560197E+1	9.444856E-9	1.651901E+9	1.473584E-7	1.550000E+1
1.570117E+1	9.867569E-9	1.591189E+9	1.549324E-7	1.560000E+1
1.580039E+1	1.033943E-8	1.528168E+9	1.633670E-7	1.570000E+1
1.589959E+1	1.083496E-8	1.467434E+9	1.722714E-7	1.580000E+1
1.600201E+1	1.122015E-8	1.426185E+9	1.795450E-7	1.590000E+1
1.610115E+1	1.159142E-8	1.389058E+9	1.866352E-7	1.600000E+1
1.619998E+1	1.221078E-8	1.326695E+9	1.978144E-7	1.610000E+1
1.629923E+1	1.277309E-8	1.276060E+9	2.081915E-7	1.620000E+1
1.640156E+1	1.337478E-8	1.226305E+9	2.193673E-7	1.630000E+1
1.650084E+1	1.393844E-8	1.183837E+9	2.299960E-7	1.640000E+1
1.659990E+1	1.442708E-8	1.150607E+9	2.394881E-7	1.650000E+1
1.669929E+1	1.511173E-8	1.105055E+9	2.523552E-7	1.660000E+1
1.680174E+1	1.590756E-8	1.056211E+9	2.672747E-7	1.670000E+1
1.690098E+1	1.662035E-8	1.016885E+9	2.809002E-7	1.680000E+1
1.700006E+1	1.714012E-8	9.918285E+8	2.913831E-7	1.690000E+1
1.709951E+1	1.777012E-8	9.622619E+8	3.038603E-7	1.700000E+1
1.720196E+1	1.865645E-8	9.220382E+8	3.209275E-7	1.710000E+1
1.730123E+1	1.941698E-8	8.910361E+8	3.359376E-7	1.720000E+1
1.740026E+1	2.018384E-8	8.620887E+8	3.512041E-7	1.730000E+1
1.749965E+1	2.106695E-8	8.306684E+8	3.686643E-7	1.740000E+1
1.760201E+1	2.189720E-8	8.038475E+8	3.854347E-7	1.750000E+1
1.770135E+1	2.283449E-8	7.752023E+8	4.042013E-7	1.760000E+1
1.780028E+1	2.364488E-8	7.528175E+8	4.208855E-7	1.770000E+1
1.789952E+1	2.484870E-8	7.203403E+8	4.447798E-7	1.780000E+1
1.800212E+1	2.570068E-8	7.004531E+8	4.626667E-7	1.790000E+1
1.810120E+1	2.671681E-8	6.775210E+8	4.836063E-7	1.800000E+1
1.820046E+1	2.783795E-8	6.538003E+8	5.066635E-7	1.810000E+1
1.829948E+1	2.890384E-8	6.331159E+8	5.289252E-7	1.820000E+1
1.840217E+1	2.980529E-8	6.174129E+8	5.484820E-7	1.830000E+1
1.850139E+1	3.080167E-8	6.006619E+8	5.698737E-7	1.840000E+1
1.860056E+1	3.179152E-8	5.850793E+8	5.913401E-7	1.850000E+1
1.869950E+1	3.267357E-8	5.723127E+8	6.109794E-7	1.860000E+1
1.880237E+1	3.419138E-8	5.499155E+8	6.428790E-7	1.870000E+1
1.890154E+1	3.560357E-8	5.308889E+8	6.729623E-7	1.880000E+1
1.900075E+1	3.677417E-8	5.166874E+8	6.987368E-7	1.890000E+1
1.909981E+1	3.822271E-8	4.996980E+8	7.300465E-7	1.900000E+1
1.920242E+1	3.952090E-8	4.858801E+8	7.588969E-7	1.910000E+1
1.930160E+1	4.097207E-8	4.710916E+8	7.908265E-7	1.920000E+1
1.940078E+1	4.196795E-8	4.622761E+8	8.142110E-7	1.930000E+1
1.949980E+1	4.378429E-8	4.453607E+8	8.537849E-7	1.940000E+1
1.960181E+1	4.495118E-8	4.360689E+8	8.811245E-7	1.950000E+1
1.970097E+1	4.668342E-8	4.220121E+8	9.197087E-7	1.960000E+1
1.980024E+1	4.830305E-8	4.099170E+8	9.564120E-7	1.970000E+1
1.989921E+1	4.976878E-8	3.998332E+8	9.903594E-7	1.980000E+1
2.000157E+1	5.158088E-8	3.877710E+8	1.031699E-6	1.990000E+1
2.010107E+1	5.300376E-8	3.792386E+8	1.065432E-6	2.000000E+1
2.020017E+1	5.512724E-8	3.664281E+8	1.113580E-6	2.010000E+1
2.029938E+1	5.646046E-8	3.595327E+8	1.146112E-6	2.020000E+1
2.040172E+1	5.871100E-8	3.474940E+8	1.197805E-6	2.030000E+1
2.050127E+1	6.111831E-8	3.354358E+8	1.253003E-6	2.040000E+1
2.060042E+1	6.294564E-8	3.272732E+8	1.296707E-6	2.050000E+1
2.069958E+1	6.477619E-8	3.195554E+8	1.340840E-6	2.060000E+1
2.080197E+1	6.433628E-8	3.233319E+8	1.338321E-6	2.070000E+1
2.090133E+1	6.686599E-8	3.125854E+8	1.397588E-6	2.080000E+1
2.100050E+1	6.879841E-8	3.052469E+8	1.444801E-6	2.090000E+1
2.109962E+1	7.054049E-8	2.991136E+8	1.488378E-6	2.100000E+1
2.120199E+1	7.306000E-8	2.901997E+8	1.549017E-6	2.110000E+1
2.130142E+1	7.592657E-8	2.805529E+8	1.617344E-6	2.120000E+1
2.140059E+1	7.841106E-8	2.729282E+8	1.678043E-6	2.130000E+1
2.149984E+1	8.100841E-8	2.654026E+8	1.741668E-6	2.140000E+1
2.160215E+1	8.223460E-8	2.626893E+8	1.776444E-6	2.150000E+1
2.170144E+1	8.524415E-8	2.545798E+8	1.849921E-6	2.160000E+1
2.180065E+1	8.782791E-8	2.482201E+8	1.914706E-6	2.170000E+1
2.189974E+1	9.041082E-8	2.422248E+8	1.979973E-6	2.180000E+1
2.200226E+1	9.189755E-8	2.394216E+8	2.021954E-6	2.190000E+1
2.210141E+1	9.603420E-8	2.301410E+8	2.122491E-6	2.200000E+1
2.220096E+1	9.869581E-8	2.249433E+8	2.191142E-6	2.210000E+1
2.229998E+1	1.016555E-7	2.193682E+8	2.266916E-6	2.220000E+1
2.240252E+1	1.044026E-7	2.145782E+8	2.338881E-6	2.230000E+1
2.250164E+1	1.058223E-7	2.126361E+8	2.381175E-6	2.240000E+1
2.260100E+1	1.088292E-7	2.076740E+8	2.459649E-6	2.250000E+1
2.270009E+1	1.129029E-7	2.010585E+8	2.562906E-6	2.260000E+1
2.280260E+1	1.150119E-7	1.982630E+8	2.622570E-6	2.270000E+1
2.290157E+1	1.177496E-7	1.944938E+8	2.696651E-6	2.280000E+1
2.300055E+1	1.206829E-7	1.905867E+8	2.775773E-6	2.290000E+1
2.309967E+1	1.240688E-7	1.861844E+8	2.865948E-6	2.300000E+1
2.320231E+1	1.271519E-7	1.824771E+8	2.950218E-6	2.310000E+1
2.330143E+1	1.302939E-7	1.788375E+8	3.036034E-6	2.320000E+1
2.340066E+1	1.332495E-7	1.756154E+8	3.118126E-6	2.330000E+1
2.349989E+1	1.370277E-7	1.714974E+8	3.220136E-6	2.340000E+1
2.360230E+1	1.398454E-7	1.687742E+8	3.300673E-6	2.350000E+1
2.370145E+1	1.434271E-7	1.652508E+8	3.399430E-6	2.360000E+1
2.380054E+1	1.479470E-7	1.608721E+8	3.521218E-6	2.370000E+1
2.390011E+1	1.519845E-7	1.572536E+8	3.632446E-6	2.380000E+1
2.400244E+1	1.558523E-7	1.540076E+8	3.740835E-6	2.380000E+1
2.410172E+1	1.582863E-7	1.522666E+8	3.814972E-6	2.400000E+1
2.420070E+1	1.618959E-7	1.494831E+8	3.917994E-6	2.410000E+1
2.430015E+1	1.675911E-7	1.449967E+8	4.072489E-6	2.420000E+1
2.440262E+1	1.722443E-7	1.416745E+8	4.203212E-6	2.430000E+1
2.450177E+1	1.770821E-7	1.383639E+8	4.338825E-6	2.430000E+1
2.460094E+1	1.819538E-7	1.352043E+8	4.476235E-6	2.440000E+1
2.470025E+1	1.853326E-7	1.332753E+8	4.577762E-6	2.460000E+1
2.480261E+1	1.907445E-7	1.300305E+8	4.730961E-6	2.470000E+1
2.490190E+1	1.961122E-7	1.269778E+8	4.883566E-6	2.470000E+1
2.500105E+1	2.000766E-7	1.249574E+8	5.002125E-6	2.480000E+1
2.510041E+1	2.070784E-7	1.212121E+8	5.197753E-6	2.490000E+1
2.520277E+1	2.095755E-7	1.202563E+8	5.281883E-6	2.510000E+1
2.530202E+1	2.142741E-7	1.180825E+8	5.421568E-6	2.520000E+1
2.540106E+1	2.194366E-7	1.157558E+8	5.573922E-6	2.520000E+1
2.550014E+1	2.261886E-7	1.127384E+8	5.767841E-6	2.530000E+1
2.560291E+1	2.313411E-7	1.106717E+8	5.923005E-6	2.540000E+1
2.570205E+1	2.345492E-7	1.095806E+8	6.028395E-6	2.560000E+1
2.580135E+1	2.404905E-7	1.072864E+8	6.204980E-6	2.570000E+1
2.590033E+1	2.473232E-7	1.047226E+8	6.405752E-6	2.580000E+1
2.600313E+1	2.558449E-7	1.016363E+8	6.652768E-6	2.580000E+1
2.610227E+1	2.639914E-7	9.887546E+7	6.890775E-6	2.590000E+1
2.620136E+1	2.672987E-7	9.802277E+7	7.003589E-6	2.600000E+1
2.630054E+1	2.721994E-7	9.662233E+7	7.158991E-6	2.620000E+1
2.640312E+1	2.816330E-7	9.375009E+7	7.435990E-6	2.630000E+1
2.650231E+1	2.885073E-7	9.186010E+7	7.646110E-6	2.630000E+1
2.660161E+1	2.914555E-7	9.127160E+7	7.753186E-6	2.640000E+1
2.670066E+1	2.985996E-7	8.941961E+7	7.972806E-6	2.650000E+1
2.680337E+1	3.079678E-7	8.703303E+7	8.254575E-6	2.670000E+1
2.690245E+1	3.188170E-7	8.438211E+7	8.576958E-6	2.670000E+1
2.700167E+1	3.273611E-7	8.248283E+7	8.839296E-6	2.680000E+1
2.710077E+1	3.314268E-7	8.177000E+7	8.981921E-6	2.690000E+1
2.720346E+1	3.400444E-7	7.999973E+7	9.250384E-6	2.700000E+1
2.730263E+1	3.460040E-7	7.890842E+7	9.446819E-6	2.710000E+1
2.740169E+1	3.573055E-7	7.668981E+7	9.790775E-6	2.720000E+1
2.750103E+1	3.583228E-7	7.674932E+7	9.854246E-6	2.730000E+1
2.760342E+1	3.655354E-7	7.551504E+7	1.009003E-5	2.740000E+1
2.770285E+1	3.746902E-7	7.393535E+7	1.037999E-5	2.750000E+1
2.780197E+1	3.803456E-7	7.309660E+7	1.057436E-5	2.760000E+1
2.790111E+1	3.920765E-7	7.116241E+7	1.093937E-5	2.770000E+1
2.800358E+1	4.012377E-7	6.979299E+7	1.123609E-5	2.780000E+1
2.810279E+1	4.044369E-7	6.948622E+7	1.136581E-5	2.790000E+1
2.820201E+1	4.148654E-7	6.797870E+7	1.170004E-5	2.800000E+1
2.830136E+1	4.242369E-7	6.671122E+7	1.200648E-5	2.810000E+1
2.840364E+1	4.361700E-7	6.512057E+7	1.238882E-5	2.820000E+1
2.850301E+1	4.482788E-7	6.358322E+7	1.277730E-5	2.830000E+1
2.860213E+1	4.456546E-7	6.418004E+7	1.274667E-5	2.840000E+1
2.870128E+1	4.620768E-7	6.211366E+7	1.326220E-5	2.850000E+1
2.880050E+1	4.711044E-7	6.113401E+7	1.356804E-5	2.860000E+1
2.890326E+1	4.897592E-7	5.901525E+7	1.415564E-5	2.870000E+1
2.900235E+1	5.079719E-7	5.709440E+7	1.473238E-5	2.880000E+1
2.910150E+1	5.016481E-7	5.801178E+7	1.459871E-5	2.890000E+1
2.920070E+1	5.145220E-7	5.675306E+7	1.502440E-5	2.900000E+1
2.930307E+1	5.263128E-7	5.567615E+7	1.542258E-5	2.910000E+1
2.940255E+1	5.370309E-7	5.475020E+7	1.579008E-5	2.920000E+1
2.950159E+1	5.485459E-7	5.378144E+7	1.618298E-5	2.930000E+1
2.960085E+1	5.622425E-7	5.264783E+7	1.664286E-5	2.940000E+1
2.970321E+1	5.712334E-7	5.199838E+7	1.696747E-5	2.950000E+1
2.980217E+1	5.842081E-7	5.101294E+7	1.741067E-5	2.960000E+1
2.990137E+1	5.819741E-7	5.137921E+7	1.740182E-5	2.970000E+1
3.000063E+1	6.036899E-7	4.969543E+7	1.811108E-5	2.980000E+1
3.010305E+1	6.120889E-7	4.918085E+7	1.842574E-5	2.990000E+1
3.020250E+1	6.299668E-7	4.794300E+7	1.902657E-5	3.000000E+1
3.030151E+1	6.387590E-7	4.743809E+7	1.935536E-5	3.010000E+1
3.040079E+1	6.437666E-7	4.722331E+7	1.957101E-5	3.020000E+1
3.050315E+1	6.574660E-7	4.639502E+7	2.005478E-5	3.030000E+1
3.060259E+1	6.760721E-7	4.526528E+7	2.068956E-5	3.040000E+1
3.070186E+1	6.925108E-7	4.433412E+7	2.126137E-5	3.050000E+1
3.080094E+1	7.033033E-7	4.379468E+7	2.166240E-5	3.060000E+1
3.090341E+1	7.090995E-7	4.358120E+7	2.191359E-5	3.070000E+1
3.100248E+1	7.317503E-7	4.236757E+7	2.268607E-5	3.080000E+1
3.110194E+1	7.455592E-7	4.171626E+7	2.318834E-5	3.090000E+1
3.120110E+1	7.653788E-7	4.076557E+7	2.388066E-5	3.100000E+1
3.130356E+1	7.733203E-7	4.047942E+7	2.420768E-5	3.110000E+1
3.140265E+1	8.032047E-7	3.909670E+7	2.522276E-5	3.120000E+1
3.150208E+1	7.998848E-7	3.938327E+7	2.519803E-5	3.130000E+1
3.160128E+1	8.100816E-7	3.901000E+7	2.559962E-5	3.140000E+1
3.170377E+1	8.179048E-7	3.876218E+7	2.593067E-5	3.150000E+1
3.180284E+1	8.385431E-7	3.792630E+7	2.666805E-5	3.160000E+1
3.190228E+1	8.523587E-7	3.742823E+7	2.719219E-5	3.170000E+1
3.200144E+1	8.738692E-7	3.662040E+7	2.796507E-5	3.180000E+1
3.210403E+1	8.959500E-7	3.583239E+7	2.876361E-5	3.190000E+1
3.220299E+1	9.117453E-7	3.532016E+7	2.936092E-5	3.200000E+1
3.230260E+1	9.369792E-7	3.447526E+7	3.026686E-5	3.210000E+1
3.240173E+1	9.476336E-7	3.419226E+7	3.070497E-5	3.220000E+1
3.250431E+1	9.559552E-7	3.400192E+7	3.107266E-5	3.230000E+1
3.260331E+1	9.787367E-7	3.331163E+7	3.191006E-5	3.240000E+1
3.270248E+1	1.001668E-6	3.264802E+7	3.275703E-5	3.250000E+1
3.280185E+1	1.000638E-6	3.278094E+7	3.282278E-5	3.260000E+1
3.290252E+1	1.030026E-6	3.194339E+7	3.389045E-5	3.290000E+1
3.300177E+1	1.045644E-6	3.156119E+7	3.450810E-5	3.300000E+1
3.310081E+1	1.065922E-6	3.105369E+7	3.528288E-5	3.310000E+1
3.319948E+1	1.088254E-6	3.050711E+7	3.612947E-5	3.320000E+1
3.330186E+1	1.089062E-6	3.057848E+7	3.626779E-5	3.330000E+1
3.340122E+1	1.118108E-6	2.987298E+7	3.734617E-5	3.340000E+1
3.350026E+1	1.143308E-6	2.930117E+7	3.830112E-5	3.350000E+1
3.359961E+1	1.145647E-6	2.932807E+7	3.849329E-5	3.360000E+1
3.370211E+1	1.177928E-6	2.861135E+7	3.969866E-5	3.370000E+1
3.380132E+1	1.199952E-6	2.816889E+7	4.055996E-5	3.380000E+1
3.390040E+1	1.219013E-6	2.780971E+7	4.132503E-5	3.390000E+1
3.399979E+1	1.236743E-6	2.749139E+7	4.204900E-5	3.400000E+1
3.410225E+1	1.269593E-6	2.686077E+7	4.329598E-5	3.410000E+1
3.420150E+1	1.286939E-6	2.657585E+7	4.401524E-5	3.420000E+1
3.430062E+1	1.309636E-6	2.619096E+7	4.492133E-5	3.430000E+1
3.440004E+1	1.309318E-6	2.627325E+7	4.504059E-5	3.440000E+1
3.450240E+1	1.361206E-6	2.534693E+7	4.696487E-5	3.450000E+1
3.460153E+1	1.385012E-6	2.498284E+7	4.792353E-5	3.460000E+1
3.470061E+1	1.395598E-6	2.486433E+7	4.842810E-5	3.470000E+1
3.479967E+1	1.438126E-6	2.419793E+7	5.004631E-5	3.480000E+1
3.490236E+1	1.430841E-6	2.439290E+7	4.993973E-5	3.490000E+1
3.500154E+1	1.434689E-6	2.439660E+7	5.021632E-5	3.500000E+1
3.510062E+1	1.464139E-6	2.397356E+7	5.139219E-5	3.510000E+1
3.519977E+1	1.507461E-6	2.335037E+7	5.306228E-5	3.520000E+1
3.530247E+1	1.512819E-6	2.333555E+7	5.340625E-5	3.530000E+1
3.540160E+1	1.529233E-6	2.314991E+7	5.413729E-5	3.540000E+1
3.550082E+1	1.592032E-6	2.229906E+7	5.651844E-5	3.550000E+1
3.559991E+1	1.589067E-6	2.240303E+7	5.657064E-5	3.560000E+1
3.570263E+1	1.607515E-6	2.220983E+7	5.739251E-5	3.570000E+1
3.580178E+1	1.632012E-6	2.193720E+7	5.842893E-5	3.580000E+1
3.590098E+1	1.655994E-6	2.167941E+7	5.945181E-5	3.590000E+1
3.600006E+1	1.681839E-6	2.140518E+7	6.054630E-5	3.600000E+1
3.610273E+1	1.696996E-6	2.127449E+7	6.126619E-5	3.610000E+1
3.620183E+1	1.732543E-6	2.089520E+7	6.272123E-5	3.620000E+1
3.630096E+1	1.779473E-6	2.039984E+7	6.459658E-5	3.630000E+1
3.639999E+1	1.779541E-6	2.045471E+7	6.477527E-5	3.640000E+1
3.650243E+1	1.838832E-6	1.985088E+7	6.712184E-5	3.650000E+1
3.660149E+1	1.896290E-6	1.930163E+7	6.940704E-5	3.660000E+1
3.670053E+1	1.916648E-6	1.914829E+7	7.034200E-5	3.670000E+1
3.679985E+1	1.979661E-6	1.858897E+7	7.285123E-5	3.680000E+1
3.690219E+1	1.999172E-6	1.845874E+7	7.377382E-5	3.690000E+1
3.700167E+1	2.011178E-6	1.839801E+7	7.441694E-5	3.700000E+1
3.710069E+1	2.060362E-6	1.800688E+7	7.644085E-5	3.710000E+1
3.719994E+1	2.093854E-6	1.776625E+7	7.789124E-5	3.720000E+1
3.730231E+1	2.081986E-6	1.791670E+7	7.766289E-5	3.730000E+1
3.740182E+1	2.165350E-6	1.727288E+7	8.098803E-5	3.740000E+1
3.750093E+1	2.201145E-6	1.703701E+7	8.254498E-5	3.750000E+1
3.760013E+1	2.232597E-6	1.684143E+7	8.394594E-5	3.760000E+1
3.770257E+1	2.271416E-6	1.659871E+7	8.563822E-5	3.770000E+1
3.780177E+1	2.271861E-6	1.663912E+7	8.588037E-5	3.780000E+1
3.790095E+1	2.381532E-6	1.591452E+7	9.026233E-5	3.790000E+1
3.800016E+1	2.370166E-6	1.603270E+7	9.006669E-5	3.800000E+1
3.810255E+1	2.384270E-6	1.598080E+7	9.084677E-5	3.810000E+1
3.820161E+1	2.399239E-6	1.592239E+7	9.165479E-5	3.820000E+1
3.830102E+1	2.500468E-6	1.531754E+7	9.577047E-5	3.830000E+1
3.840007E+1	2.526652E-6	1.519801E+7	9.702361E-5	3.840000E+1
3.850270E+1	2.553041E-6	1.508111E+7	9.829897E-5	3.850000E+1
3.860181E+1	2.573586E-6	1.499923E+7	9.934508E-5	3.860000E+1
3.870110E+1	2.621823E-6	1.476114E+7	1.014674E-4	3.870000E+1
3.880030E+1	2.671535E-6	1.452360E+7	1.036564E-4	3.870000E+1
3.890265E+1	2.682476E-6	1.450252E+7	1.043554E-4	3.880000E+1
3.900185E+1	2.718203E-6	1.434839E+7	1.060149E-4	3.900000E+1
3.910126E+1	2.726335E-6	1.434206E+7	1.066031E-4	3.910000E+1
3.920035E+1	2.807554E-6	1.396246E+7	1.100571E-4	3.920000E+1
3.930294E+1	2.819777E-6	1.393831E+7	1.108255E-4	3.930000E+1
3.940202E+1	2.881528E-6	1.367400E+7	1.135380E-4	3.930000E+1
3.950134E+1	2.920519E-6	1.352545E+7	1.153644E-4	3.950000E+1
3.960049E+1	3.011969E-6	1.314771E+7	1.192754E-4	3.960000E+1
3.970287E+1	3.054507E-6	1.299813E+7	1.212727E-4	3.970000E+1
3.980211E+1	3.112910E-6	1.278614E+7	1.239004E-4	3.970000E+1
3.990116E+1	3.108092E-6	1.283783E+7	1.240165E-4	3.980000E+1
4.000044E+1	3.097775E-6	1.291264E+7	1.239124E-4	3.990000E+1
4.010291E+1	3.139254E-6	1.277466E+7	1.258932E-4	4.010000E+1
4.020214E+1	3.192079E-6	1.259434E+7	1.283284E-4	4.020000E+1
4.030119E+1	3.248501E-6	1.240609E+7	1.309185E-4	4.030000E+1
4.040055E+1	3.290469E-6	1.227805E+7	1.329368E-4	4.030000E+1
4.050315E+1	3.429481E-6	1.181029E+7	1.389048E-4	4.040000E+1
4.060233E+1	3.377342E-6	1.202198E+7	1.371280E-4	4.060000E+1
4.070138E+1	3.359790E-6	1.211426E+7	1.367481E-4	4.070000E+1
4.080096E+1	3.439651E-6	1.186195E+7	1.403411E-4	4.070000E+1
4.090322E+1	3.489777E-6	1.172087E+7	1.427431E-4	4.080000E+1
4.100260E+1	3.562808E-6	1.150851E+7	1.460844E-4	4.090000E+1
4.110181E+1	3.653700E-6	1.124937E+7	1.501737E-4	4.110000E+1
4.120086E+1	3.675229E-6	1.121042E+7	1.514226E-4	4.120000E+1
4.130341E+1	3.734341E-6	1.106043E+7	1.542410E-4	4.120000E+1
4.140271E+1	3.850920E-6	1.075138E+7	1.594385E-4	4.130000E+1
4.150183E+1	3.874557E-6	1.071137E+7	1.608012E-4	4.140000E+1
4.160093E+1	3.903258E-6	1.065800E+7	1.623792E-4	4.150000E+1
4.170353E+1	3.981838E-6	1.047344E+7	1.660567E-4	4.170000E+1
4.180281E+1	4.148114E-6	1.007755E+7	1.734028E-4	4.180000E+1
4.190206E+1	4.106236E-6	1.020449E+7	1.720597E-4	4.180000E+1
4.200107E+1	4.276932E-6	9.820374E+6	1.796357E-4	4.190000E+1
4.210375E+1	4.268949E-6	9.862791E+6	1.797388E-4	4.200000E+1
4.220286E+1	4.298057E-6	9.819055E+6	1.813903E-4	4.210000E+1
4.230207E+1	4.315619E-6	9.802086E+6	1.825596E-4	4.220000E+1
4.240108E+1	4.459389E-6	9.508271E+6	1.890829E-4	4.230000E+1
4.250394E+1	4.496972E-6	9.451680E+6	1.911390E-4	4.240000E+1
4.260302E+1	4.456775E-6	9.559159E+6	1.898721E-4	4.250000E+1
4.270224E+1	4.554779E-6	9.375261E+6	1.944993E-4	4.260000E+1
4.280143E+1	4.625560E-6	9.253243E+6	1.979806E-4	4.270000E+1
4.290403E+1	4.734637E-6	9.061736E+6	2.031350E-4	4.280000E+1
4.300326E+1	4.925026E-6	8.731580E+6	2.117922E-4	4.290000E+1
4.310231E+1	4.953927E-6	8.700635E+6	2.135257E-4	4.300000E+1
4.320132E+1	5.072422E-6	8.516902E+6	2.191353E-4	4.310000E+1
4.330367E+1	5.167017E-6	8.380787E+6	2.237508E-4	4.320000E+1
4.340298E+1	5.043178E-6	8.606276E+6	2.188890E-4	4.330000E+1
4.350215E+1	5.081027E-6	8.561684E+6	2.210356E-4	4.340000E+1
4.360130E+1	5.157509E-6	8.453945E+6	2.248741E-4	4.350000E+1
4.370364E+1	5.206998E-6	8.393251E+6	2.275648E-4	4.360000E+1
4.380293E+1	5.447061E-6	8.041571E+6	2.385972E-4	4.370000E+1
4.390217E+1	5.560864E-6	7.894847E+6	2.441340E-4	4.380000E+1
4.400137E+1	5.707367E-6	7.709574E+6	2.511320E-4	4.390000E+1
4.410370E+1	5.782068E-6	7.627669E+6	2.550106E-4	4.400000E+1
4.420337E+1	5.956906E-6	7.420525E+6	2.633153E-4	4.410000E+1
4.430246E+1	5.928027E-6	7.473390E+6	2.626262E-4	4.420000E+1
4.440164E+1	6.103235E-6	7.275099E+6	2.709936E-4	4.430000E+1
4.450397E+1	6.136556E-6	7.252271E+6	2.731011E-4	4.440000E+1
4.460344E+1	6.338723E-6	7.036660E+6	2.827289E-4	4.450000E+1
4.470264E+1	6.370993E-6	7.016589E+6	2.848002E-4	4.460000E+1
4.480181E+1	6.602281E-6	6.785808E+6	2.957941E-4	4.470000E+1
4.490427E+1	6.608430E-6	6.794998E+6	2.967467E-4	4.480000E+1
4.500339E+1	6.796991E-6	6.621075E+6	3.058876E-4	4.490000E+1
4.510271E+1	6.979753E-6	6.461935E+6	3.148058E-4	4.500000E+1
4.520182E+1	6.955807E-6	6.498429E+6	3.144151E-4	4.510000E+1
4.530436E+1	7.119577E-6	6.363350E+6	3.225479E-4	4.520000E+1
4.540368E+1	7.283161E-6	6.234062E+6	3.306823E-4	4.530000E+1
4.550286E+1	7.293066E-6	6.239195E+6	3.318554E-4	4.540000E+1
4.560188E+1	7.321064E-6	6.228860E+6	3.338543E-4	4.550000E+1
4.570444E+1	7.473047E-6	6.115904E+6	3.415514E-4	4.560000E+1
4.580341E+1	7.612631E-6	6.016765E+6	3.486845E-4	4.570000E+1
4.590303E+1	7.662713E-6	5.990441E+6	3.517417E-4	4.580000E+1
4.600219E+1	7.931642E-6	5.799832E+6	3.648729E-4	4.590000E+1
4.610476E+1	8.058966E-6	5.720927E+6	3.715567E-4	4.600000E+1
4.620401E+1	8.243323E-6	5.605022E+6	3.808746E-4	4.610000E+1
4.630301E+1	8.189638E-6	5.653853E+6	3.792049E-4	4.620000E+1
4.640231E+1	8.518536E-6	5.447217E+6	3.952797E-4	4.630000E+1
4.650487E+1	8.790465E-6	5.290377E+6	4.087994E-4	4.640000E+1
4.660403E+1	8.647210E-6	5.389487E+6	4.029948E-4	4.650000E+1
4.670258E+1	8.773900E-6	5.322899E+6	4.097638E-4	4.660000E+1
4.680165E+1	8.935214E-6	5.237888E+6	4.181828E-4	4.670000E+1
4.690427E+1	9.034100E-6	5.191914E+6	4.237379E-4	4.680000E+1
4.700378E+1	9.122438E-6	5.152546E+6	4.287891E-4	4.690000E+1
4.710291E+1	9.569856E-6	4.922008E+6	4.507681E-4	4.700000E+1
4.720208E+1	9.695136E-6	4.868635E+6	4.576306E-4	4.710000E+1
4.730452E+1	9.620149E-6	4.917234E+6	4.550765E-4	4.720000E+1
4.740366E+1	9.932474E-6	4.772593E+6	4.708356E-4	4.730000E+1
4.750282E+1	9.804750E-6	4.844878E+6	4.657533E-4	4.740000E+1
4.760216E+1	9.858120E-6	4.828726E+6	4.692678E-4	4.750000E+1
4.770127E+1	1.021742E-5	4.668622E+6	4.873839E-4	4.760000E+1
4.780417E+1	1.029597E-5	4.642998E+6	4.921903E-4	4.770000E+1
4.790480E+1	1.026429E-5	4.667132E+6	4.917088E-4	4.780000E+1
4.782065E+1	1.050044E-5	4.554157E+6	5.021379E-4	4.790000E+1
4.810318E+1	1.079448E-5	4.456276E+6	5.192488E-4	4.820000E+1
4.820235E+1	1.124964E-5	4.284790E+6	5.422591E-4	4.830000E+1
4.830150E+1	1.121524E-5	4.306774E+6	5.417129E-4	4.840000E+1
4.840082E+1	1.173028E-5	4.126144E+6	5.677552E-4	4.850000E+1
4.850327E+1	1.186685E-5	4.087291E+6	5.755810E-4	4.860000E+1
4.860246E+1	1.218851E-5	3.987564E+6	5.923916E-4	4.870000E+1
4.870151E+1	1.209505E-5	4.026565E+6	5.890472E-4	4.880000E+1
4.880092E+1	1.210271E-5	4.032231E+6	5.906234E-4	4.890000E+1
4.890334E+1	1.240565E-5	3.942022E+6	6.066777E-4	4.900000E+1
4.900251E+1	1.248115E-5	3.926121E+6	6.116077E-4	4.910000E+1
4.910161E+1	1.262176E-5	3.890235E+6	6.197487E-4	4.920000E+1
4.920064E+1	1.308682E-5	3.759557E+6	6.438799E-4	4.930000E+1
4.930351E+1	1.324820E-5	3.721525E+6	6.531828E-4	4.940000E+1
4.940254E+1	1.325638E-5	3.726699E+6	6.548988E-4	4.950000E+1
4.950167E+1	1.324817E-5	3.736491E+6	6.558065E-4	4.960000E+1
4.960085E+1	1.365466E-5	3.632522E+6	6.772827E-4	4.970000E+1
4.970351E+1	1.390986E-5	3.573257E+6	6.913689E-4	4.980000E+1
4.980255E+1	1.367177E-5	3.642729E+6	6.808890E-4	4.990000E+1
4.990184E+1	1.424042E-5	3.504239E+6	7.106232E-4	5.000000E+1
5.000092E+1	1.445147E-5	3.459919E+6	7.225868E-4	5.010000E+1
5.010319E+1	1.470147E-5	3.408039E+6	7.365905E-4	5.020000E+1
5.020230E+1	1.485172E-5	3.380235E+6	7.455905E-4	5.030000E+1
5.030164E+1	1.511328E-5	3.328307E+6	7.602228E-4	5.040000E+1
5.040060E+1	1.580332E-5	3.189241E+6	7.964968E-4	5.050000E+1
5.050327E+1	1.578381E-5	3.199688E+6	7.971340E-4	5.060000E+1
5.060242E+1	1.619950E-5	3.123703E+6	8.197339E-4	5.070000E+1
5.070165E+1	1.626788E-5	3.116672E+6	8.248084E-4	5.080000E+1
5.080070E+1	1.641616E-5	3.094554E+6	8.339524E-4	5.090000E+1
5.090341E+1	1.684323E-5	3.022188E+6	8.573778E-4	5.100000E+1
5.100251E+1	1.705253E-5	2.990906E+6	8.697218E-4	5.110000E+1
5.110172E+1	1.742811E-5	2.932144E+6	8.906064E-4	5.120000E+1
5.120085E+1	1.704495E-5	3.003872E+6	8.727159E-4	5.130000E+1
5.130314E+1	1.734484E-5	2.957833E+6	8.898448E-4	5.140000E+1
5.140255E+1	1.760865E-5	2.919165E+6	9.051295E-4	5.150000E+1
5.150171E+1	1.840837E-5	2.797733E+6	9.480625E-4	5.160000E+1
5.160101E+1	1.846578E-5	2.794413E+6	9.528529E-4	5.170000E+1
5.170336E+1	1.857141E-5	2.784030E+6	9.602043E-4	5.180000E+1
5.180266E+1	1.911322E-5	2.710305E+6	9.901156E-4	5.190000E+1
5.190177E+1	1.958936E-5	2.649488E+6	1.016722E-3	5.200000E+1
5.200110E+1	1.927561E-5	2.697767E+6	1.002353E-3	5.210000E+1
5.210334E+1	1.950175E-5	2.671726E+6	1.016106E-3	5.220000E+1
5.220276E+1	2.004453E-5	2.604339E+6	1.046380E-3	5.230000E+1
5.230193E+1	2.039439E-5	2.564525E+6	1.066666E-3	5.240000E+1
5.240108E+1	2.061833E-5	2.541480E+6	1.080423E-3	5.250000E+1
5.250349E+1	2.059544E-5	2.549277E+6	1.081332E-3	5.260000E+1
5.260287E+1	2.078628E-5	2.530653E+6	1.093418E-3	5.270000E+1
5.270209E+1	2.102395E-5	2.506764E+6	1.108006E-3	5.280000E+1
5.280114E+1	2.143074E-5	2.463804E+6	1.131568E-3	5.290000E+1
5.290363E+1	2.160345E-5	2.448851E+6	1.142901E-3	5.300000E+1
5.300270E+1	2.204853E-5	2.403911E+6	1.168632E-3	5.310000E+1
5.310207E+1	2.200765E-5	2.412891E+6	1.168652E-3	5.320000E+1
5.320108E+1	2.238433E-5	2.376711E+6	1.190871E-3	5.330000E+1
5.330362E+1	2.274436E-5	2.343597E+6	1.212357E-3	5.340000E+1
5.340262E+1	2.318247E-5	2.303578E+6	1.238005E-3	5.350000E+1
5.350210E+1	2.355572E-5	2.271300E+6	1.260280E-3	5.360000E+1
5.360112E+1	2.393065E-5	2.239852E+6	1.282710E-3	5.370000E+1
5.370380E+1	2.436722E-5	2.203936E+6	1.308612E-3	5.370000E+1
5.380281E+1	2.367223E-5	2.272824E+6	1.273632E-3	5.380000E+1
5.390228E+1	2.433085E-5	2.215388E+6	1.311488E-3	5.400000E+1
5.400133E+1	2.422339E-5	2.229305E+6	1.308095E-3	5.410000E+1
5.410392E+1	2.504812E-5	2.159999E+6	1.355201E-3	5.420000E+1
5.420304E+1	2.516998E-5	2.153480E+6	1.364289E-3	5.430000E+1
5.430251E+1	2.496345E-5	2.175281E+6	1.355578E-3	5.430000E+1
5.440162E+1	2.584818E-5	2.104660E+6	1.406183E-3	5.440000E+1
5.450405E+1	2.562123E-5	2.127300E+6	1.396461E-3	5.460000E+1
5.460322E+1	2.500159E-5	2.183990E+6	1.365167E-3	5.470000E+1
5.470227E+1	2.555359E-5	2.140688E+6	1.397839E-3	5.480000E+1
5.480167E+1	2.519732E-5	2.174901E+6	1.380855E-3	5.480000E+1
5.490409E+1	2.500139E-5	2.196042E+6	1.372679E-3	5.500000E+1
5.500327E+1	2.557459E-5	2.150700E+6	1.406686E-3	5.510000E+1
5.510239E+1	2.504417E-5	2.200208E+6	1.379994E-3	5.520000E+1
5.520168E+1	2.467884E-5	2.236802E+6	1.362313E-3	5.520000E+1
5.530416E+1	2.541813E-5	2.175776E+6	1.405728E-3	5.530000E+1
5.540337E+1	2.521886E-5	2.196902E+6	1.397210E-3	5.540000E+1
5.550262E+1	2.514664E-5	2.207158E+6	1.395704E-3	5.560000E+1
5.560177E+1	2.553869E-5	2.177158E+6	1.419996E-3	5.570000E+1
5.570432E+1	2.567998E-5	2.169173E+6	1.430486E-3	5.580000E+1
5.580348E+1	2.600571E-5	2.145816E+6	1.451209E-3	5.580000E+1
5.590263E+1	2.651488E-5	2.108349E+6	1.482252E-3	5.590000E+1
5.600209E+1	2.677857E-5	2.091302E+6	1.499656E-3	5.610000E+1
5.610442E+1	2.675964E-5	2.096606E+6	1.501334E-3	5.620000E+1
5.620372E+1	2.704725E-5	2.077983E+6	1.520156E-3	5.620000E+1
5.630284E+1	2.715570E-5	2.073334E+6	1.528943E-3	5.630000E+1
5.640213E+1	2.775518E-5	2.032130E+6	1.565451E-3	5.640000E+1
5.650449E+1	2.784122E-5	2.029526E+6	1.573154E-3	5.650000E+1
5.660367E+1	2.814693E-5	2.011007E+6	1.593220E-3	5.670000E+1
5.670282E+1	2.814628E-5	2.014576E+6	1.595973E-3	5.680000E+1
5.680188E+1	2.899990E-5	1.958692E+6	1.647249E-3	5.680000E+1
5.690422E+1	2.924231E-5	1.945955E+6	1.664011E-3	5.690000E+1
5.700333E+1	2.930252E-5	1.945339E+6	1.670341E-3	5.700000E+1
5.710248E+1	2.896784E-5	1.971237E+6	1.654136E-3	5.710000E+1
5.720162E+1	2.933744E-5	1.949782E+6	1.678149E-3	5.720000E+1
5.730434E+1	2.934936E-5	1.952490E+6	1.681846E-3	5.730000E+1
5.740336E+1	2.918891E-5	1.966615E+6	1.675542E-3	5.740000E+1
5.750277E+1	2.988316E-5	1.924253E+6	1.718364E-3	5.750000E+1
5.760184E+1	2.973523E-5	1.937158E+6	1.712804E-3	5.760000E+1
5.770449E+1	3.017713E-5	1.912193E+6	1.741356E-3	5.770000E+1
5.780371E+1	3.054675E-5	1.892303E+6	1.765715E-3	5.780000E+1
5.790301E+1	3.037120E-5	1.906510E+6	1.758584E-3	5.790000E+1
5.800207E+1	3.022995E-5	1.918696E+6	1.753400E-3	5.800000E+1
5.810473E+1	3.021656E-5	1.922943E+6	1.755725E-3	5.810000E+1
5.820385E+1	2.981130E-5	1.952409E+6	1.735132E-3	5.830000E+1
5.830277E+1	3.064514E-5	1.902513E+6	1.786697E-3	5.830000E+1
5.840207E+1	2.970771E-5	1.965889E+6	1.734992E-3	5.840000E+1
5.850441E+1	3.012978E-5	1.941747E+6	1.762725E-3	5.850000E+1
5.860386E+1	3.001958E-5	1.952188E+6	1.759263E-3	5.860000E+1
5.870289E+1	3.057354E-5	1.920055E+6	1.794755E-3	5.880000E+1
5.880231E+1	3.077484E-5	1.910727E+6	1.809632E-3	5.880000E+1
5.890463E+1	3.069279E-5	1.919168E+6	1.807947E-3	5.890000E+1
5.900411E+1	3.062511E-5	1.926658E+6	1.807007E-3	5.900000E+1
5.910312E+1	3.038853E-5	1.944915E+6	1.796057E-3	5.910000E+1
5.920227E+1	3.124236E-5	1.894936E+6	1.849619E-3	5.920000E+1
5.930471E+1	3.269967E-5	1.813618E+6	1.939244E-3	5.930000E+1
5.940409E+1	3.228879E-5	1.839774E+6	1.918086E-3	5.940000E+1
5.950335E+1	3.243481E-5	1.834552E+6	1.929980E-3	5.950000E+1
5.960246E+1	3.196819E-5	1.864430E+6	1.905383E-3	5.960000E+1
5.970494E+1	3.194318E-5	1.869098E+6	1.907166E-3	5.970000E+1
5.980433E+1	3.265009E-5	1.831674E+6	1.952617E-3	5.980000E+1
5.990334E+1	3.230998E-5	1.854020E+6	1.935476E-3	5.990000E+1
6.000257E+1	3.298879E-5	1.818878E+6	1.979412E-3	6.000000E+1
6.010498E+1	3.332908E-5	1.803380E+6	2.003244E-3	6.010000E+1
6.020391E+1	3.288688E-5	1.830636E+6	1.979919E-3	6.020000E+1
6.030273E+1	3.409438E-5	1.768700E+6	2.055984E-3	6.030000E+1
6.040186E+1	3.379187E-5	1.787467E+6	2.041092E-3	6.040000E+1
6.050434E+1	3.391458E-5	1.784022E+6	2.051979E-3	6.050000E+1
6.060344E+1	3.458278E-5	1.752417E+6	2.095835E-3	6.060000E+1
6.070290E+1	3.501013E-5	1.733867E+6	2.125216E-3	6.070000E+1
6.080199E+1	3.562864E-5	1.706548E+6	2.166292E-3	6.080000E+1
6.090448E+1	3.620927E-5	1.682013E+6	2.205307E-3	6.090000E+1
6.100359E+1	3.625669E-5	1.682547E+6	2.211788E-3	6.100000E+1
6.110313E+1	3.705453E-5	1.649006E+6	2.264148E-3	6.110000E+1
6.120223E+1	3.670051E-5	1.667613E+6	2.246153E-3	6.120000E+1
6.130483E+1	3.700240E-5	1.656780E+6	2.268426E-3	6.130000E+1
6.140391E+1	3.776703E-5	1.625860E+6	2.319043E-3	6.140000E+1
6.150325E+1	3.757144E-5	1.636968E+6	2.310766E-3	6.150000E+1
6.160236E+1	3.747090E-5	1.644005E+6	2.308296E-3	6.160000E+1
6.170490E+1	3.761087E-5	1.640613E+6	2.320775E-3	6.170000E+1
6.180392E+1	3.794198E-5	1.628906E+6	2.344963E-3	6.180000E+1
6.190318E+1	3.825640E-5	1.618113E+6	2.368193E-3	6.190000E+1
6.200235E+1	3.846396E-5	1.611960E+6	2.384856E-3	6.200000E+1
6.210473E+1	3.948529E-5	1.572857E+6	2.452223E-3	6.210000E+1
6.220405E+1	3.935497E-5	1.580589E+6	2.448039E-3	6.220000E+1
6.230325E+1	3.994072E-5	1.559893E+6	2.488437E-3	6.230000E+1
6.240256E+1	4.061569E-5	1.536415E+6	2.534523E-3	6.240000E+1
6.250500E+1	4.084502E-5	1.530297E+6	2.553018E-3	6.250000E+1
6.260425E+1	4.058114E-5	1.542693E+6	2.540552E-3	6.260000E+1
6.270324E+1	4.122128E-5	1.521138E+6	2.584708E-3	6.270000E+1
6.280280E+1	4.120871E-5	1.524018E+6	2.588022E-3	6.280000E+1
6.290516E+1	4.149314E-5	1.516038E+6	2.610133E-3	6.290000E+1
6.300447E+1	4.280619E-5	1.471854E+6	2.696981E-3	6.300000E+1
6.310355E+1	4.282641E-5	1.473473E+6	2.702499E-3	6.310000E+1
6.320291E+1	4.222709E-5	1.496738E+6	2.668875E-3	6.320000E+1
6.330533E+1	4.308287E-5	1.469385E+6	2.727375E-3	6.330000E+1
6.340456E+1	4.397393E-5	1.441867E+6	2.788148E-3	6.340000E+1
6.350362E+1	4.421104E-5	1.436375E+6	2.807561E-3	6.350000E+1
6.360257E+1	4.445578E-5	1.430693E+6	2.827502E-3	6.360000E+1
6.370504E+1	4.419180E-5	1.441558E+6	2.815240E-3	6.370000E+1
6.380401E+1	4.470459E-5	1.427236E+6	2.852332E-3	6.380000E+1
6.390329E+1	4.472041E-5	1.428951E+6	2.857781E-3	6.390000E+1
6.400242E+1	4.545869E-5	1.407925E+6	2.909466E-3	6.400000E+1
6.410520E+1	4.608832E-5	1.390921E+6	2.954501E-3	6.410000E+1
6.420441E+1	4.673477E-5	1.373804E+6	3.000578E-3	6.420000E+1
6.430350E+1	4.683481E-5	1.372985E+6	3.011642E-3	6.430000E+1
6.440267E+1	4.726204E-5	1.362672E+6	3.043802E-3	6.440000E+1
6.450541E+1	4.807318E-5	1.341817E+6	3.100980E-3	6.450000E+1
6.460455E+1	4.826790E-5	1.338458E+6	3.118326E-3	6.460000E+1
6.470371E+1	4.882358E-5	1.325255E+6	3.159067E-3	6.470000E+1
6.480282E+1	4.938628E-5	1.312162E+6	3.200370E-3	6.480000E+1
6.490556E+1	5.031662E-5	1.289943E+6	3.265828E-3	6.490000E+1
6.500472E+1	5.082252E-5	1.279053E+6	3.303704E-3	6.500000E+1
6.510400E+1	5.151367E-5	1.263820E+6	3.353746E-3	6.510000E+1
6.520307E+1	5.250888E-5	1.241753E+6	3.423740E-3	6.520000E+1
6.530553E+1	5.227960E-5	1.249159E+6	3.414147E-3	6.530000E+1
6.540470E+1	5.278018E-5	1.239191E+6	3.452072E-3	6.540000E+1
6.550405E+1	5.378754E-5	1.217829E+6	3.523302E-3	6.550000E+1
6.560320E+1	5.450806E-5	1.203550E+6	3.575903E-3	6.560000E+1
6.570558E+1	5.522104E-5	1.189865E+6	3.628330E-3	6.570000E+1
6.580548E+1	8.832401E-5	7.450463E+5	5.812204E-3	6.580000E+1
6.590443E+1	8.144039E-5	8.092352E+5	5.367282E-3	6.590000E+1
6.600381E+1	8.258110E-5	7.992605E+5	5.450667E-3	6.600000E+1
6.610622E+1	8.093008E-5	8.168313E+5	5.349982E-3	6.610000E+1
6.620561E+1	8.144022E-5	8.129351E+5	5.391799E-3	6.620000E+1
6.630458E+1	7.861313E-5	8.434288E+5	5.212411E-3	6.630000E+1
6.640395E+1	7.750239E-5	8.567987E+5	5.146465E-3	6.640000E+1
6.650656E+1	8.318194E-5	7.995312E+5	5.532145E-3	6.650000E+1
6.660591E+1	8.448462E-5	7.883791E+5	5.627175E-3	6.660000E+1
6.670499E+1	8.634863E-5	7.725078E+5	5.759885E-3	6.670000E+1
6.680413E+1	8.614862E-5	7.754521E+5	5.755084E-3	6.680000E+1
6.690627E+1	8.598015E-5	7.781595E+5	5.752611E-3	6.690000E+1
6.700578E+1	8.600083E-5	7.791295E+5	5.762553E-3	6.700000E+1
6.710497E+1	8.734123E-5	7.683080E+5	5.861031E-3	6.710000E+1
6.720422E+1	8.958883E-5	7.501406E+5	6.020747E-3	6.720000E+1
6.730647E+1	9.271275E-5	7.259678E+5	6.240168E-3	6.730000E+1
6.740591E+1	9.239053E-5	7.295760E+5	6.227668E-3	6.740000E+1
6.750538E+1	9.794733E-5	6.892008E+5	6.611972E-3	6.750000E+1
6.760278E+1	1.191014E-4	5.676069E+5	8.051586E-3	6.780000E+1
6.770537E+1	1.140038E-4	5.938870E+5	7.718669E-3	6.790000E+1
6.780439E+1	1.192584E-4	5.685502E+5	8.086243E-3	6.800000E+1
6.790401E+1	1.341044E-4	5.063518E+5	9.106227E-3	6.810000E+1
6.800302E+1	1.177812E-4	5.773674E+5	8.009477E-3	6.820000E+1
6.810560E+1	1.225119E-4	5.559101E+5	8.343746E-3	6.830000E+1
6.820472E+1	1.257221E-4	5.425038E+5	8.574841E-3	6.840000E+1
6.830402E+1	1.282008E-4	5.327893E+5	8.756630E-3	6.850000E+1
6.840321E+1	1.348576E-4	5.072255E+5	9.224693E-3	6.860000E+1
6.850562E+1	1.275663E-4	5.370197E+5	8.739008E-3	6.870000E+1
6.860468E+1	1.333561E-4	5.144473E+5	9.148853E-3	6.880000E+1
6.870404E+1	1.359037E-4	5.055347E+5	9.337133E-3	6.890000E+1
6.880325E+1	1.335228E-4	5.152921E+5	9.186803E-3	6.900000E+1
6.890574E+1	1.397198E-4	4.931709E+5	9.627496E-3	6.910000E+1
6.900495E+1	1.574018E-4	4.384000E+5	1.086150E-2	6.920000E+1
6.910424E+1	1.741465E-4	3.968167E+5	1.203426E-2	6.920000E+1
6.920347E+1	1.788898E-4	3.868497E+5	1.237979E-2	6.940000E+1
6.930583E+1	1.879279E-4	3.687895E+5	1.302450E-2	6.950000E+1
6.940505E+1	1.896595E-4	3.659455E+5	1.316333E-2	6.960000E+1
6.950400E+1	1.776622E-4	3.912143E+5	1.234823E-2	6.970000E+1
6.960362E+1	1.803523E-4	3.859314E+5	1.255317E-2	6.970000E+1
6.970599E+1	1.840416E-4	3.787513E+5	1.282880E-2	6.980000E+1
6.980527E+1	1.789525E-4	3.900771E+5	1.249183E-2	7.000000E+1
6.990434E+1	1.838836E-4	3.801554E+5	1.285426E-2	7.010000E+1
7.000381E+1	1.793690E-4	3.902782E+5	1.255651E-2	7.020000E+1
7.010609E+1	1.814497E-4	3.863665E+5	1.272073E-2	7.030000E+1
7.020534E+1	1.911010E-4	3.673730E+5	1.341631E-2	7.030000E+1
7.030422E+1	1.832700E-4	3.836101E+5	1.288465E-2	7.040000E+1
7.040339E+1	1.858399E-4	3.788389E+5	1.308376E-2	7.060000E+1
7.050589E+1	1.944619E-4	3.625692E+5	1.371071E-2	7.070000E+1
7.060489E+1	1.919263E-4	3.678750E+5	1.355094E-2	7.080000E+1
7.070412E+1	2.040174E-4	3.465593E+5	1.442487E-2	7.080000E+1
7.080343E+1	2.097129E-4	3.376208E+5	1.484839E-2	7.090000E+1
7.090594E+1	2.220900E-4	3.192667E+5	1.574750E-2	7.110000E+1
7.100518E+1	2.108901E-4	3.366928E+5	1.497429E-2	7.120000E+1
7.110413E+1	2.130169E-4	3.337957E+5	1.514638E-2	7.120000E+1
7.120329E+1	2.157709E-4	3.299949E+5	1.536360E-2	7.130000E+1
7.130610E+1	2.243539E-4	3.178287E+5	1.599780E-2	7.150000E+1
7.140521E+1	2.269647E-4	3.146093E+5	1.620646E-2	7.160000E+1
7.150449E+1	2.157453E-4	3.314301E+5	1.542676E-2	7.170000E+1
7.160358E+1	2.244831E-4	3.189709E+5	1.607379E-2	7.170000E+1
7.170626E+1	2.292150E-4	3.128341E+5	1.643615E-2	7.180000E+1
7.180529E+1	2.284485E-4	3.143172E+5	1.640381E-2	7.190000E+1
7.190459E+1	2.226679E-4	3.229230E+5	1.601084E-2	7.210000E+1
7.200361E+1	2.335661E-4	3.082794E+5	1.681760E-2	7.220000E+1
7.210621E+1	2.404530E-4	2.998765E+5	1.733815E-2	7.220000E+1
7.220541E+1	2.431282E-4	2.969849E+5	1.755517E-2	7.230000E+1
7.230466E+1	2.562572E-4	2.821566E+5	1.852859E-2	7.240000E+1
7.240382E+1	2.515262E-4	2.878580E+5	1.821146E-2	7.250000E+1
7.250644E+1	2.532585E-4	2.862942E+5	1.836287E-2	7.270000E+1
7.260552E+1	2.541780E-4	2.856483E+5	1.845473E-2	7.280000E+1
7.270473E+1	2.603770E-4	2.792287E+5	1.893064E-2	7.280000E+1
7.280383E+1	2.577019E-4	2.825118E+5	1.876169E-2	7.290000E+1
7.290647E+1	2.621647E-4	2.780942E+5	1.911350E-2	7.300000E+1
7.300562E+1	2.609407E-4	2.797786E+5	1.905014E-2	7.310000E+1
7.310465E+1	2.583572E-4	2.829596E+5	1.888711E-2	7.330000E+1
7.320406E+1	2.848033E-4	2.570337E+5	2.084876E-2	7.330000E+1
7.330640E+1	2.833038E-4	2.587554E+5	2.076798E-2	7.340000E+1
7.340571E+1	2.883298E-4	2.545894E+5	2.116505E-2	7.350000E+1
7.350484E+1	2.934285E-4	2.505034E+5	2.156841E-2	7.360000E+1
7.360410E+1	2.902851E-4	2.535580E+5	2.136617E-2	7.370000E+1
7.370313E+1	2.955337E-4	2.493899E+5	2.178176E-2	7.380000E+1
7.380508E+1	2.918947E-4	2.528483E+5	2.154331E-2	7.390000E+1
7.390432E+1	2.976137E-4	2.483230E+5	2.199494E-2	7.400000E+1
7.400356E+1	3.010644E-4	2.458064E+5	2.227984E-2	7.410000E+1
7.410270E+1	2.938469E-4	2.521813E+5	2.177485E-2	7.420000E+1
7.420532E+1	3.065243E-4	2.420863E+5	2.274573E-2	7.430000E+1
7.430453E+1	3.303430E-4	2.249315E+5	2.454598E-2	7.440000E+1
7.440382E+1	3.482569E-4	2.136464E+5	2.591164E-2	7.450000E+1
7.450287E+1	3.866274E-4	1.926994E+5	2.880485E-2	7.460000E+1
7.460561E+1	4.071214E-4	1.832515E+5	3.037354E-2	7.470000E+1
7.470487E+1	4.112083E-4	1.816716E+5	3.071926E-2	7.480000E+1
7.480400E+1	4.218693E-4	1.773156E+5	3.155751E-2	7.490000E+1
7.490324E+1	4.254444E-4	1.760588E+5	3.186716E-2	7.500000E+1
7.500563E+1	4.330781E-4	1.731919E+5	3.248330E-2	7.510000E+1
7.510496E+1	4.481568E-4	1.675863E+5	3.365880E-2	7.520000E+1
7.520406E+1	4.689481E-4	1.603676E+5	3.526680E-2	7.530000E+1
7.530330E+1	4.970537E-4	1.514993E+5	3.742978E-2	7.540000E+1
7.540567E+1	4.870701E-4	1.548148E+5	3.672785E-2	7.550000E+1
7.550513E+1	5.019233E-4	1.504316E+5	3.789778E-2	7.560000E+1
7.560422E+1	4.995344E-4	1.513494E+5	3.776691E-2	7.570000E+1
7.570335E+1	4.963817E-4	1.525104E+5	3.757776E-2	7.580000E+1
7.580585E+1	5.029059E-4	1.507357E+5	3.812321E-2	7.590000E+1
7.590521E+1	5.185659E-4	1.463752E+5	3.936185E-2	7.600000E+1
7.600444E+1	5.396284E-4	1.408459E+5	4.101415E-2	7.610000E+1
7.610365E+1	5.656112E-4	1.345512E+5	4.304508E-2	7.620000E+1
7.620615E+1	5.738692E-4	1.327936E+5	4.373236E-2	7.630000E+1
7.630555E+1	5.896627E-4	1.294054E+5	4.499454E-2	7.640000E+1
7.640469E+1	5.984206E-4	1.276772E+5	4.572214E-2	7.650000E+1
7.650400E+1	6.048761E-4	1.264788E+5	4.627544E-2	7.660000E+1
7.660632E+1	6.301686E-4	1.215648E+5	4.827490E-2	7.670000E+1
7.670547E+1	6.524279E-4	1.175693E+5	5.004479E-2	7.680000E+1
7.680470E+1	6.644064E-4	1.155990E+5	5.102953E-2	7.690000E+1
1.281060E-1	1.000007E-2	1.281051E+1	1.281069E-3	7.710000E+1
1.282073E-1	1.000007E-2	1.282064E+1	1.282082E-3	7.720000E+1
1.281482E-1	1.000006E-2	1.281474E+1	1.281490E-3	7.730000E+1
1.282581E-1	1.000008E-2	1.282571E+1	1.282591E-3	7.740000E+1
1.282665E-1	1.000007E-2	1.282656E+1	1.282674E-3	7.750000E+1
1.283510E-1	1.000008E-2	1.283500E+1	1.283520E-3	7.760000E+1
1.283256E-1	1.000007E-2	1.283247E+1	1.283265E-3	7.770000E+1
1.282918E-1	1.000007E-2	1.282909E+1	1.282927E-3	7.780000E+1
1.283424E-1	1.000006E-2	1.283416E+1	1.283432E-3	7.790000E+1
1.283340E-1	1.000006E-2	1.283332E+1	1.283348E-3	7.800000E+1
1.283341E-1	1.000007E-2	1.283332E+1	1.283350E-3	7.810000E+1
1.284269E-1	1.000007E-2	1.284260E+1	1.284278E-3	7.820000E+1
1.284101E-1	1.000007E-2	1.284092E+1	1.284110E-3	7.830000E+1
1.283762E-1	1.000007E-2	1.283753E+1	1.283771E-3	7.840000E+1
1.283931E-1	1.000007E-2	1.283922E+1	1.283940E-3	7.850000E+1
1.284100E-1	1.000007E-2	1.284091E+1	1.284109E-3	7.860000E+1
1.284354E-1	1.000007E-2	1.284345E+1	1.284363E-3	7.870000E+1
1.283762E-1	1.000007E-2	1.283753E+1	1.283771E-3	7.880000E+1
1.284692E-1	1.000007E-2	1.284683E+1	1.284701E-3	7.890000E+1
1.284692E-1	1.000007E-2	1.284683E+1	1.284701E-3	7.900000E+1
1.284607E-1	1.000007E-2	1.284598E+1	1.284616E-3	7.910000E+1
1.285199E-1	1.000008E-2	1.285189E+1	1.285209E-3	7.920000E+1
1.284776E-1	1.000008E-2	1.284766E+1	1.284786E-3	7.930000E+1
1.284185E-1	1.000007E-2	1.284176E+1	1.284194E-3	7.940000E+1
1.284776E-1	1.000006E-2	1.284768E+1	1.284784E-3	7.950000E+1
1.284860E-1	1.000006E-2	1.284852E+1	1.284868E-3	7.960000E+1
1.284861E-1	1.000007E-2	1.284852E+1	1.284870E-3	7.970000E+1
1.285620E-1	1.000007E-2	1.285611E+1	1.285629E-3	7.980000E+1
1.285452E-1	1.000007E-2	1.285443E+1	1.285461E-3	7.990000E+1
1.285029E-1	1.000006E-2	1.285021E+1	1.285037E-3	8.000000E+1
1.284860E-1	1.000006E-2	1.284852E+1	1.284868E-3	8.010000E+1
1.285282E-1	1.000006E-2	1.285274E+1	1.285290E-3	8.020000E+1
1.285198E-1	1.000007E-2	1.285189E+1	1.285207E-3	8.030000E+1
1.285452E-1	1.000008E-2	1.285442E+1	1.285462E-3	8.040000E+1
1.284860E-1	1.000006E-2	1.284852E+1	1.284868E-3	8.050000E+1
1.285367E-1	1.000007E-2	1.285358E+1	1.285376E-3	8.060000E+1
1.285452E-1	1.000007E-2	1.285443E+1	1.285461E-3	8.070000E+1
1.285705E-1	1.000008E-2	1.285695E+1	1.285715E-3	8.080000E+1
1.284691E-1	1.000007E-2	1.284682E+1	1.284700E-3	8.090000E+1
1.285959E-1	1.000008E-2	1.285949E+1	1.285969E-3	8.100000E+1
1.284944E-1	1.000006E-2	1.284936E+1	1.284952E-3	8.110000E+1
1.285114E-1	1.000007E-2	1.285105E+1	1.285123E-3	8.120000E+1
1.285367E-1	1.000007E-2	1.285358E+1	1.285376E-3	8.130000E+1
1.284606E-1	1.000006E-2	1.284598E+1	1.284614E-3	8.140000E+1
1.285705E-1	1.000007E-2	1.285696E+1	1.285714E-3	8.150000E+1
1.285367E-1	1.000007E-2	1.285358E+1	1.285376E-3	8.160000E+1
1.284946E-1	1.000007E-2	1.284937E+1	1.284955E-3	8.170000E+1
1.283424E-1	1.000005E-2	1.283418E+1	1.283430E-3	8.180000E+1
1.284269E-1	1.000007E-2	1.284260E+1	1.284278E-3	8.190000E+1
1.284692E-1	1.000007E-2	1.284683E+1	1.284701E-3	8.200000E+1
1.283677E-1	1.000005E-2	1.283671E+1	1.283683E-3	8.210000E+1
1.284862E-1	1.000008E-2	1.284852E+1	1.284872E-3	8.220000E+1
1.284438E-1	1.000007E-2	1.284429E+1	1.284447E-3	8.230000E+1
1.284607E-1	1.000007E-2	1.284598E+1	1.284616E-3	8.240000E+1
1.283762E-1	1.000006E-2	1.283754E+1	1.283770E-3	8.250000E+1
1.283763E-1	1.000007E-2	1.283754E+1	1.283772E-3	8.260000E+1
1.284185E-1	1.000006E-2	1.284177E+1	1.284193E-3	8.270000E+1
1.284439E-1	1.000007E-2	1.284430E+1	1.284448E-3	8.280000E+1
1.284354E-1	1.000007E-2	1.284345E+1	1.284363E-3	8.290000E+1
1.284354E-1	1.000007E-2	1.284345E+1	1.284363E-3	8.300000E+1
1.284438E-1	1.000007E-2	1.284429E+1	1.284447E-3	8.310000E+1
1.283087E-1	1.000006E-2	1.283079E+1	1.283095E-3	8.320000E+1
1.284270E-1	1.000007E-2	1.284261E+1	1.284279E-3	8.330000E+1
1.283847E-1	1.000006E-2	1.283839E+1	1.283855E-3	8.340000E+1
1.284438E-1	1.000006E-2	1.284430E+1	1.284446E-3	8.350000E+1
1.284270E-1	1.000007E-2	1.284261E+1	1.284279E-3	8.360000E+1
1.284945E-1	1.000006E-2	1.284937E+1	1.284953E-3	8.370000E+1
1.285114E-1	1.000006E-2	1.285106E+1	1.285122E-3	8.380000E+1
1.284354E-1	1.000006E-2	1.284346E+1	1.284362E-3	8.390000E+1
1.284438E-1	1.000006E-2	1.284430E+1	1.284446E-3	8.400000E+1
1.284607E-1	1.000007E-2	1.284598E+1	1.284616E-3	8.410000E+1
1.284607E-1	1.000006E-2	1.284599E+1	1.284615E-3	8.420000E+1
1.285114E-1	1.000007E-2	1.285105E+1	1.285123E-3	8.430000E+1
1.285453E-1	1.000008E-2	1.285443E+1	1.285463E-3	8.440000E+1
1.285705E-1	1.000007E-2	1.285696E+1	1.285714E-3	8.450000E+1
1.285283E-1	1.000007E-2	1.285274E+1	1.285292E-3	8.460000E+1
1.285283E-1	1.000007E-2	1.285274E+1	1.285292E-3	8.470000E+1
1.285705E-1	1.000007E-2	1.285696E+1	1.285714E-3	8.480000E+1
1.285283E-1	1.000007E-2	1.285274E+1	1.285292E-3	8.490000E+1
1.285367E-1	1.000007E-2	1.285358E+1	1.285376E-3	8.500000E+1
1.286635E-1	1.000008E-2	1.286625E+1	1.286645E-3	8.510000E+1
1.285705E-1	1.000007E-2	1.285696E+1	1.285714E-3	8.520000E+1
1.285959E-1	1.000008E-2	1.285949E+1	1.285969E-3	8.530000E+1
1.285874E-1	1.000007E-2	1.285865E+1	1.285883E-3	8.540000E+1
1.286297E-1	1.000007E-2	1.286288E+1	1.286306E-3	8.550000E+1
1.285874E-1	1.000007E-2	1.285865E+1	1.285883E-3	8.560000E+1
1.285621E-1	1.000007E-2	1.285612E+1	1.285630E-3	8.570000E+1
1.285536E-1	1.000007E-2	1.285527E+1	1.285545E-3	8.580000E+1
1.285790E-1	1.000007E-2	1.285781E+1	1.285799E-3	8.590000E+1
1.285959E-1	1.000007E-2	1.285950E+1	1.285968E-3	8.600000E+1
1.284776E-1	1.000006E-2	1.284768E+1	1.284784E-3	8.610000E+1
1.285368E-1	1.000007E-2	1.285359E+1	1.285377E-3	8.620000E+1
1.285536E-1	1.000007E-2	1.285527E+1	1.285545E-3	8.630000E+1
1.285367E-1	1.000007E-2	1.285358E+1	1.285376E-3	8.640000E+1
1.285368E-1	1.000007E-2	1.285359E+1	1.285377E-3	8.650000E+1
1.285368E-1	1.000007E-2	1.285359E+1	1.285377E-3	8.660000E+1
1.285452E-1	1.000007E-2	1.285443E+1	1.285461E-3	8.670000E+1
1.285199E-1	1.000007E-2	1.285190E+1	1.285208E-3	8.680000E+1
1.286128E-1	1.000007E-2	1.286119E+1	1.286137E-3	8.690000E+1
1.285283E-1	1.000007E-2	1.285274E+1	1.285292E-3	8.700000E+1
1.285536E-1	1.000006E-2	1.285528E+1	1.285544E-3	8.710000E+1
1.285114E-1	1.000007E-2	1.285105E+1	1.285123E-3	8.720000E+1
1.285452E-1	1.000007E-2	1.285443E+1	1.285461E-3	8.730000E+1
1.285959E-1	1.000007E-2	1.285950E+1	1.285968E-3	8.740000E+1
1.285198E-1	1.000006E-2	1.285190E+1	1.285206E-3	8.750000E+1
1.285029E-1	1.000006E-2	1.285021E+1	1.285037E-3	8.760000E+1
1.284860E-1	1.000006E-2	1.284852E+1	1.284868E-3	8.770000E+1
1.286043E-1	1.000007E-2	1.286034E+1	1.286052E-3	8.780000E+1
1.285114E-1	1.000007E-2	1.285105E+1	1.285123E-3	8.790000E+1
1.285705E-1	1.000007E-2	1.285696E+1	1.285714E-3	8.800000E+1
1.284776E-1	1.000007E-2	1.284767E+1	1.284785E-3	8.810000E+1
1.284691E-1	1.000006E-2	1.284683E+1	1.284699E-3	8.820000E+1
1.285368E-1	1.000007E-2	1.285359E+1	1.285377E-3	8.830000E+1
1.285198E-1	1.000006E-2	1.285190E+1	1.285206E-3	8.840000E+1
1.284944E-1	1.000005E-2	1.284938E+1	1.284950E-3	8.850000E+1
1.286212E-1	1.000007E-2	1.286203E+1	1.286221E-3	8.860000E+1
1.285620E-1	1.000006E-2	1.285612E+1	1.285628E-3	8.870000E+1
1.285874E-1	1.000007E-2	1.285865E+1	1.285883E-3	8.880000E+1
1.285790E-1	1.000007E-2	1.285781E+1	1.285799E-3	8.890000E+1
1.285959E-1	1.000006E-2	1.285951E+1	1.285967E-3	8.900000E+1
1.286296E-1	1.000006E-2	1.286288E+1	1.286304E-3	8.910000E+1
1.286381E-1	1.000007E-2	1.286372E+1	1.286390E-3	8.920000E+1
1.286043E-1	1.000007E-2	1.286034E+1	1.286052E-3	8.930000E+1
1.286128E-1	1.000007E-2	1.286119E+1	1.286137E-3	8.940000E+1
1.285874E-1	1.000006E-2	1.285866E+1	1.285882E-3	8.950000E+1
1.285621E-1	1.000007E-2	1.285612E+1	1.285630E-3	8.960000E+1
1.286043E-1	1.000007E-2	1.286034E+1	1.286052E-3	8.970000E+1
1.285621E-1	1.000007E-2	1.285612E+1	1.285630E-3	8.980000E+1
1.285874E-1	1.000007E-2	1.285865E+1	1.285883E-3	8.990000E+1
1.285621E-1	1.000006E-2	1.285613E+1	1.285629E-3	9.000000E+1
1.286381E-1	1.000006E-2	1.286373E+1	1.286389E-3	9.010000E+1
1.286634E-1	1.000007E-2	1.286625E+1	1.286643E-3	9.020000E+1
1.286043E-1	1.000006E-2	1.286035E+1	1.286051E-3	9.030000E+1
1.286550E-1	1.000007E-2	1.286541E+1	1.286559E-3	9.040000E+1
1.286465E-1	1.000006E-2	1.286457E+1	1.286473E-3	9.050000E+1
1.286296E-1	1.000006E-2	1.286288E+1	1.286304E-3	9.060000E+1
1.287226E-1	1.000007E-2	1.287217E+1	1.287235E-3	9.070000E+1
1.286719E-1	1.000006E-2	1.286711E+1	1.286727E-3	9.080000E+1
1.285451E-1	1.000005E-2	1.285445E+1	1.285457E-3	9.090000E+1
1.286127E-1	1.000006E-2	1.286119E+1	1.286135E-3	9.100000E+1
1.286381E-1	1.000006E-2	1.286373E+1	1.286389E-3	9.110000E+1
1.286718E-1	1.000006E-2	1.286710E+1	1.286726E-3	9.120000E+1
1.285198E-1	1.000005E-2	1.285192E+1	1.285204E-3	9.130000E+1
1.286719E-1	1.000006E-2	1.286711E+1	1.286727E-3	9.140000E+1
1.286550E-1	1.000006E-2	1.286542E+1	1.286558E-3	9.150000E+1
1.286296E-1	1.000006E-2	1.286288E+1	1.286304E-3	9.160000E+1
1.286465E-1	1.000006E-2	1.286457E+1	1.286473E-3	9.170000E+1
1.286127E-1	1.000006E-2	1.286119E+1	1.286135E-3	9.180000E+1
1.285874E-1	1.000006E-2	1.285866E+1	1.285882E-3	9.190000E+1
1.286211E-1	1.000006E-2	1.286203E+1	1.286219E-3	9.200000E+1
1.286043E-1	1.000006E-2	1.286035E+1	1.286051E-3	9.210000E+1
1.286212E-1	1.000006E-2	1.286204E+1	1.286220E-3	9.220000E+1
1.285536E-1	1.000006E-2	1.285528E+1	1.285544E-3	9.230000E+1
1.286212E-1	1.000006E-2	1.286204E+1	1.286220E-3	9.240000E+1
1.285874E-1	1.000006E-2	1.285866E+1	1.285882E-3	9.250000E+1
1.285705E-1	1.000005E-2	1.285699E+1	1.285711E-3	9.260000E+1
1.285621E-1	1.000006E-2	1.285613E+1	1.285629E-3	9.270000E+1
1.285789E-1	1.000006E-2	1.285781E+1	1.285797E-3	9.280000E+1
1.285452E-1	1.000006E-2	1.285444E+1	1.285460E-3	9.290000E+1
1.284015E-1	1.000005E-2	1.284009E+1	1.284021E-3	9.300000E+1
1.284776E-1	1.000006E-2	1.284768E+1	1.284784E-3	9.310000E+1
1.284776E-1	1.000006E-2	1.284768E+1	1.284784E-3	9.320000E+1
1.285114E-1	1.000006E-2	1.285106E+1	1.285122E-3	9.330000E+1
1.284523E-1	1.000006E-2	1.284515E+1	1.284531E-3	9.340000E+1
1.285367E-1	1.000006E-2	1.285359E+1	1.285375E-3	9.350000E+1
1.285283E-1	1.000006E-2	1.285275E+1	1.285291E-3	9.360000E+1
1.284015E-1	1.000005E-2	1.284009E+1	1.284021E-3	9.370000E+1
1.285030E-1	1.000006E-2	1.285022E+1	1.285038E-3	9.380000E+1
1.284945E-1	1.000006E-2	1.284937E+1	1.284953E-3	9.390000E+1
1.285283E-1	1.000006E-2	1.285275E+1	1.285291E-3	9.400000E+1
1.285283E-1	1.000007E-2	1.285274E+1	1.285292E-3	9.410000E+1
1.284691E-1	1.000005E-2	1.284685E+1	1.284697E-3	9.420000E+1
1.285283E-1	1.000006E-2	1.285275E+1	1.285291E-3	9.430000E+1
1.285199E-1	1.000006E-2	1.285191E+1	1.285207E-3	9.440000E+1
1.285452E-1	1.000007E-2	1.285443E+1	1.285461E-3	9.450000E+1
1.285368E-1	1.000006E-2	1.285360E+1	1.285376E-3	9.460000E+1
1.285029E-1	1.000006E-2	1.285021E+1	1.285037E-3	9.470000E+1
1.285368E-1	1.000006E-2	1.285360E+1	1.285376E-3	9.480000E+1
1.285030E-1	1.000006E-2	1.285022E+1	1.285038E-3	9.490000E+1
1.285959E-1	1.000006E-2	1.285951E+1	1.285967E-3	9.500000E+1
1.285537E-1	1.000006E-2	1.285529E+1	1.285545E-3	9.510000E+1
1.285198E-1	1.000006E-2	1.285190E+1	1.285206E-3	9.520000E+1
1.285367E-1	1.000006E-2	1.285359E+1	1.285375E-3	9.530000E+1
1.285368E-1	1.000006E-2	1.285360E+1	1.285376E-3	9.540000E+1
1.286043E-1	1.000006E-2	1.286035E+1	1.286051E-3	9.550000E+1
1.285452E-1	1.000005E-2	1.285446E+1	1.285458E-3	9.560000E+1
1.285959E-1	1.000006E-2	1.285951E+1	1.285967E-3	9.570000E+1
1.285029E-1	1.000005E-2	1.285023E+1	1.285035E-3	9.580000E+1
1.285790E-1	1.000006E-2	1.285782E+1	1.285798E-3	9.590000E+1
1.286465E-1	1.000006E-2	1.286457E+1	1.286473E-3	9.600000E+1
1.285790E-1	1.000006E-2	1.285782E+1	1.285798E-3	9.610000E+1
1.286212E-1	1.000006E-2	1.286204E+1	1.286220E-3	9.620000E+1
1.285620E-1	1.000006E-2	1.285612E+1	1.285628E-3	9.630000E+1
1.285621E-1	1.000007E-2	1.285612E+1	1.285630E-3	9.640000E+1
1.285789E-1	1.000006E-2	1.285781E+1	1.285797E-3	9.650000E+1
1.285621E-1	1.000006E-2	1.285613E+1	1.285629E-3	9.660000E+1
1.286465E-1	1.000006E-2	1.286457E+1	1.286473E-3	9.670000E+1
1.285621E-1	1.000007E-2	1.285612E+1	1.285630E-3	9.680000E+1
1.285367E-1	1.000006E-2	1.285359E+1	1.285375E-3	9.690000E+1
1.285114E-1	1.000006E-2	1.285106E+1	1.285122E-3	9.700000E+1
1.285536E-1	1.000006E-2	1.285528E+1	1.285544E-3	9.710000E+1
1.286380E-1	1.000006E-2	1.286372E+1	1.286388E-3	9.720000E+1
1.284775E-1	1.000005E-2	1.284769E+1	1.284781E-3	9.730000E+1
1.285789E-1	1.000006E-2	1.285781E+1	1.285797E-3	9.740000E+1
1.285114E-1	1.000006E-2	1.285106E+1	1.285122E-3	9.750000E+1
1.285789E-1	1.000006E-2	1.285781E+1	1.285797E-3	9.760000E+1
1.285282E-1	1.000005E-2	1.285276E+1	1.285288E-3	9.770000E+1
1.285620E-1	1.000006E-2	1.285612E+1	1.285628E-3	9.780000E+1
1.285874E-1	1.000006E-2	1.285866E+1	1.285882E-3	9.790000E+1
1.285282E-1	1.000005E-2	1.285276E+1	1.285288E-3	9.800000E+1
1.285790E-1	1.000006E-2	1.285782E+1	1.285798E-3	9.810000E+1
1.286127E-1	1.000006E-2	1.286119E+1	1.286135E-3	9.820000E+1
1.285959E-1	1.000006E-2	1.285951E+1	1.285967E-3	9.830000E+1
1.285789E-1	1.000005E-2	1.285783E+1	1.285795E-3	9.840000E+1
1.286381E-1	1.000006E-2	1.286373E+1	1.286389E-3	9.850000E+1
1.285959E-1	1.000006E-2	1.285951E+1	1.285967E-3	9.860000E+1
1.285198E-1	1.000005E-2	1.285192E+1	1.285204E-3	9.870000E+1
1.285367E-1	1.000005E-2	1.285361E+1	1.285373E-3	9.880000E+1
1.285705E-1	1.000006E-2	1.285697E+1	1.285713E-3	9.890000E+1
1.285790E-1	1.000005E-2	1.285784E+1	1.285796E-3	9.900000E+1
1.286043E-1	1.000005E-2	1.286037E+1	1.286049E-3	9.910000E+1
1.285367E-1	1.000005E-2	1.285361E+1	1.285373E-3	9.920000E+1
1.284860E-1	1.000005E-2	1.284854E+1	1.284866E-3	9.930000E+1
1.285536E-1	1.000005E-2	1.285530E+1	1.285542E-3	9.940000E+1
1.286296E-1	1.000005E-2	1.286290E+1	1.286302E-3	9.950000E+1
1.286549E-1	1.000005E-2	1.286543E+1	1.286555E-3	9.960000E+1
1.285873E-1	1.000005E-2	1.285867E+1	1.285879E-3	9.970000E+1
1.285620E-1	1.000005E-2	1.285614E+1	1.285626E-3	9.980000E+1
1.285959E-1	1.000006E-2	1.285951E+1	1.285967E-3	9.990000E+1
1.285620E-1	1.000005E-2	1.285614E+1	1.285626E-3	1.000000E+2
1.285873E-1	1.000005E-2	1.285867E+1	1.285879E-3	1.001000E+2
1.285282E-1	1.000005E-2	1.285276E+1	1.285288E-3	1.002000E+2
