Voltage (V)	Current (A)	Resistance (Ohm)	Power (W)	Time(s)
1.584506E-3	-5.399459E-11	-2.934564E+7	-8.555475E-14	0.000000E+0
1.474721E-3	-5.213630E-11	-2.828588E+7	-7.688650E-14	1.000000E-1
1.550714E-3	-4.256432E-10	-3.643225E+6	-6.600509E-13	2.000000E-1
4.819309E-3	-8.833309E-11	-5.455837E+7	-4.257045E-13	3.000000E-1
4.751755E-3	1.095042E-10	4.339336E+7	5.203371E-13	4.000000E-1
4.810870E-3	2.597831E-10	1.851880E+7	1.249783E-12	5.000000E-1
4.869984E-3	-3.605866E-12	-1.350573E+9	-1.756051E-14	6.000000E-1
4.844652E-3	1.200637E-10	4.035068E+7	5.816668E-13	7.000000E-1
1.144940E-2	3.628836E-10	3.155116E+7	4.154799E-12	8.000000E-1
1.142406E-2	1.880651E-10	6.074524E+7	2.148467E-12	9.000000E-1
1.137339E-2	1.466728E-10	7.754260E+7	1.668167E-12	1.000000E+0
1.139028E-2	2.209677E-10	5.154726E+7	2.516884E-12	1.100000E+0
1.138183E-2	2.931083E-10	3.883148E+7	3.336109E-12	1.200000E+0
1.471799E-2	2.273452E-10	6.473851E+7	3.346064E-12	1.300000E+0
1.478556E-2	1.192189E-10	1.240203E+8	1.762718E-12	1.400000E+0
1.470955E-2	4.238992E-11	3.470058E+8	6.235366E-13	1.500000E+0
1.479400E-2	1.577813E-10	9.376270E+7	2.334217E-12	1.600000E+0
1.476022E-2	1.892899E-10	7.797680E+7	2.793961E-12	1.700000E+0
2.140720E-2	1.769148E-10	1.210029E+8	3.787251E-12	1.800000E+0
2.138186E-2	-1.209401E-10	-1.767971E+8	-2.585924E-12	1.900000E+0
2.132274E-2	1.308339E-10	1.629757E+8	2.789737E-12	2.000000E+0
2.133119E-2	1.930490E-10	1.104962E+8	4.117965E-12	2.100000E+0
2.137342E-2	1.440118E-10	1.484144E+8	3.078025E-12	2.200000E+0
2.467570E-2	7.664411E-11	3.219517E+8	1.891247E-12	2.300000E+0
2.466726E-2	1.024509E-10	2.407715E+8	2.527183E-12	2.400000E+0
2.463348E-2	2.156879E-10	1.142089E+8	5.313144E-12	2.500000E+0
2.466726E-2	1.896279E-10	1.300824E+8	4.677601E-12	2.600000E+0
2.463348E-2	1.587946E-10	1.551279E+8	3.911664E-12	2.700000E+0
3.127998E-2	6.633816E-11	4.715232E+8	2.075056E-12	2.800000E+0
3.117864E-2	6.152318E-11	5.067787E+8	1.918209E-12	2.900000E+0
3.119553E-2	8.745682E-11	3.566964E+8	2.728262E-12	3.000000E+0
3.126309E-2	1.273285E-10	2.455310E+8	3.980682E-12	3.100000E+0
3.125465E-2	1.228092E-10	2.544976E+8	3.838359E-12	3.200000E+0
3.454834E-2	9.987441E-11	3.459178E+8	3.450495E-12	3.300000E+0
3.453990E-2	1.009303E-10	3.422154E+8	3.486122E-12	3.400000E+0
3.450611E-2	1.095464E-10	3.149908E+8	3.780020E-12	3.500000E+0
3.460746E-2	1.307074E-10	2.647705E+8	4.523451E-12	3.600000E+0
3.451456E-2	9.543963E-11	3.616376E+8	3.294057E-12	3.700000E+0
4.115263E-2	6.891512E-11	5.971495E+8	2.836038E-12	3.800000E+0
4.116107E-2	5.907375E-11	6.967743E+8	2.431539E-12	3.900000E+0
4.115262E-2	1.269483E-10	3.241683E+8	5.224255E-12	4.000000E+0
4.118642E-2	1.309191E-10	3.145944E+8	5.392089E-12	4.100000E+0
4.114418E-2	1.174450E-10	3.503272E+8	4.832178E-12	4.200000E+0
4.444632E-2	5.311820E-11	8.367437E+8	2.360909E-12	4.300000E+0
4.441254E-2	8.074133E-11	5.500596E+8	3.585928E-12	4.400000E+0
4.452233E-2	9.260981E-11	4.807518E+8	4.123205E-12	4.500000E+0
4.441253E-2	1.289335E-10	3.444607E+8	5.726263E-12	4.600000E+0
4.446321E-2	1.219644E-10	3.645589E+8	5.422929E-12	4.600000E+0
5.105904E-2	1.065901E-10	4.790223E+8	5.442388E-12	4.800000E+0
5.102526E-2	1.101381E-10	4.632844E+8	5.619825E-12	4.900000E+0
5.103370E-2	1.132212E-10	4.507433E+8	5.778097E-12	5.000000E+0
5.101681E-2	1.275395E-10	4.000079E+8	6.506658E-12	5.100000E+0
5.100837E-2	6.832357E-11	7.465706E+8	3.485074E-12	5.200000E+0
5.426828E-2	7.478576E-11	7.256499E+8	4.058495E-12	5.200000E+0
5.421760E-2	4.403716E-11	1.231178E+9	2.387589E-12	5.400000E+0
5.437807E-2	1.282999E-10	4.238356E+8	6.976701E-12	5.500000E+0
5.425984E-2	1.239073E-10	4.379067E+8	6.723190E-12	5.600000E+0
5.431050E-2	1.297781E-10	4.184874E+8	7.048314E-12	5.600000E+0
6.097389E-2	5.421627E-11	1.124642E+9	3.305777E-12	5.700000E+0
6.093168E-2	6.790113E-11	8.973589E+8	4.137330E-12	5.900000E+0
6.094012E-2	8.699222E-11	7.005238E+8	5.301316E-12	6.000000E+0
6.097390E-2	1.177407E-10	5.178660E+8	7.179110E-12	6.100000E+0
6.091477E-2	1.171069E-10	5.201638E+8	7.133540E-12	6.100000E+0
6.425071E-2	1.080684E-10	5.945374E+8	6.943471E-12	6.200000E+0
6.430981E-2	1.063366E-10	6.047759E+8	6.838487E-12	6.300000E+0
6.436050E-2	1.050273E-10	6.127978E+8	6.759610E-12	6.500000E+0
6.430980E-2	1.008033E-10	6.379732E+8	6.482640E-12	6.600000E+0
6.435207E-2	8.023443E-11	8.020506E+8	5.163252E-12	6.700000E+0
7.098167E-2	8.973763E-11	7.909911E+8	6.369727E-12	6.700000E+0
7.104078E-2	3.879988E-11	1.830954E+9	2.756374E-12	6.800000E+0
7.104921E-2	1.089552E-10	6.520956E+8	7.741181E-12	6.900000E+0
7.099009E-2	9.725554E-11	7.299336E+8	6.904180E-12	7.100000E+0
7.105767E-2	9.624199E-11	7.383230E+8	6.838732E-12	7.100000E+0
7.432604E-2	5.856682E-11	1.269081E+9	4.353040E-12	7.200000E+0
7.430914E-2	8.817483E-11	8.427478E+8	6.552196E-12	7.300000E+0
7.433447E-2	1.096311E-10	6.780418E+8	8.149370E-12	7.400000E+0
7.424154E-2	1.329034E-10	5.586128E+8	9.866953E-12	7.600000E+0
7.441892E-2	1.085752E-10	6.854136E+8	8.080049E-12	7.700000E+0
8.092184E-2	1.006346E-10	8.041155E+8	8.143537E-12	7.700000E+0
8.098944E-2	1.164736E-10	6.953459E+8	9.433132E-12	7.800000E+0
8.085424E-2	1.415195E-10	5.713293E+8	1.144245E-11	7.900000E+0
8.091341E-2	1.458281E-10	5.548547E+8	1.179945E-11	8.000000E+0
8.090495E-2	7.892478E-11	1.025089E+9	6.385405E-12	8.100000E+0
8.419022E-2	4.940134E-11	1.704209E+9	4.159110E-12	8.200000E+0
8.415641E-2	7.246248E-11	1.161379E+9	6.098182E-12	8.300000E+0
8.420711E-2	1.560072E-10	5.397643E+8	1.313692E-11	8.400000E+0
8.413956E-2	1.107294E-10	7.598665E+8	9.316723E-12	8.500000E+0
8.423244E-2	1.012682E-10	8.317758E+8	8.530068E-12	8.600000E+0
9.075224E-2	7.947384E-11	1.141913E+9	7.212429E-12	8.700000E+0
9.075224E-2	1.107291E-10	8.195880E+8	1.004891E-11	8.800000E+0
9.078605E-2	1.089132E-10	8.335633E+8	9.887799E-12	8.900000E+0
9.087051E-2	1.259346E-10	7.215691E+8	1.144374E-11	9.000000E+0
9.078607E-2	9.138493E-11	9.934468E+8	8.296479E-12	9.100000E+0
9.412199E-2	9.734030E-11	9.669375E+8	9.161863E-12	9.200000E+0
9.404599E-2	1.179097E-10	7.976103E+8	1.108893E-11	9.300000E+0
9.401214E-2	1.309605E-10	7.178664E+8	1.231188E-11	9.400000E+0
9.402062E-2	1.241183E-10	7.575081E+8	1.166968E-11	9.500000E+0
9.397837E-2	1.035066E-10	9.079457E+8	9.727382E-12	9.600000E+0
1.005996E-1	1.277509E-10	7.874669E+8	1.285169E-11	9.700000E+0
1.005827E-1	1.113629E-10	9.031976E+8	1.120118E-11	9.800000E+0
1.005911E-1	1.217109E-10	8.264757E+8	1.224303E-11	9.900000E+0
1.005911E-1	1.495871E-10	6.724584E+8	1.504713E-11	1.000000E+1
1.005827E-1	1.245406E-10	8.076298E+8	1.252663E-11	1.010000E+1
1.038257E-1	8.783677E-11	1.182030E+9	9.119714E-12	1.020000E+1
1.038510E-1	8.200812E-11	1.266350E+9	8.516625E-12	1.030000E+1
1.039017E-1	1.220064E-10	8.516086E+8	1.267667E-11	1.040000E+1
1.039017E-1	1.397037E-10	7.437290E+8	1.451545E-11	1.050000E+1
1.038088E-1	1.735775E-10	5.980545E+8	1.801887E-11	1.060000E+1
1.103708E-1	1.414353E-10	7.803625E+8	1.561033E-11	1.070000E+1
1.104130E-1	1.514032E-10	7.292646E+8	1.671688E-11	1.080000E+1
1.105144E-1	1.349311E-10	8.190432E+8	1.491183E-11	1.090000E+1
1.104553E-1	1.334104E-10	8.279362E+8	1.473589E-11	1.100000E+1
1.104469E-1	1.422381E-10	7.764931E+8	1.570976E-11	1.110000E+1
1.137659E-1	1.448145E-10	7.855974E+8	1.647495E-11	1.120000E+1
1.137574E-1	1.355645E-10	8.391386E+8	1.542147E-11	1.130000E+1
1.137152E-1	1.155865E-10	9.838104E+8	1.314394E-11	1.140000E+1
1.137659E-1	1.327347E-10	8.570924E+8	1.510068E-11	1.150000E+1
1.136815E-1	1.390703E-10	8.174391E+8	1.580972E-11	1.160000E+1
1.207080E-1	1.463771E-10	8.246372E+8	1.766889E-11	1.170000E+1
1.206489E-1	1.421115E-10	8.489735E+8	1.714560E-11	1.180000E+1
1.207080E-1	1.308342E-10	9.226028E+8	1.579273E-11	1.190000E+1
1.207587E-1	1.464197E-10	8.247435E+8	1.768145E-11	1.200000E+1
1.206235E-1	1.355222E-10	8.900645E+8	1.634716E-11	1.210000E+1
1.240102E-1	1.463773E-10	8.471956E+8	1.815228E-11	1.220000E+1
1.240777E-1	1.426605E-10	8.697411E+8	1.770099E-11	1.230000E+1
1.240270E-1	1.456170E-10	8.517343E+8	1.806044E-11	1.240000E+1
1.240524E-1	1.369584E-10	9.057670E+8	1.699002E-11	1.250000E+1
1.240186E-1	1.351844E-10	9.174032E+8	1.676538E-11	1.260000E+1
1.306651E-1	1.504745E-10	8.683538E+8	1.966177E-11	1.270000E+1
1.305890E-1	1.514031E-10	8.625253E+8	1.977158E-11	1.280000E+1
1.306566E-1	1.489535E-10	8.771637E+8	1.946176E-11	1.290000E+1
1.306060E-1	1.529661E-10	8.538232E+8	1.997829E-11	1.300000E+1
1.306060E-1	1.827432E-10	7.146969E+8	2.386736E-11	1.310000E+1
1.338152E-1	1.666084E-10	8.031720E+8	2.229474E-11	1.320000E+1
1.339081E-1	1.366629E-10	9.798424E+8	1.830027E-11	1.330000E+1
1.339250E-1	1.346775E-10	9.944126E+8	1.803668E-11	1.340000E+1
1.339250E-1	1.552469E-10	8.626581E+8	2.079144E-11	1.350000E+1
1.339757E-1	1.474754E-10	9.084613E+8	1.975812E-11	1.360000E+1
1.405546E-1	-1.797338E-10	-7.820154E+8	-2.526241E-11	1.370000E+1
1.404447E-1	-2.603641E-10	-5.394165E+8	-3.656676E-11	1.380000E+1
1.404786E-1	-7.134725E-10	-1.968942E+8	-1.002276E-10	1.390000E+1
1.404955E-1	-7.278766E-10	-1.930210E+8	-1.022634E-10	1.400000E+1
1.405292E-1	-3.592828E-10	-3.911381E+8	-5.048972E-11	1.410000E+1
1.469983E-1	2.063955E-10	7.122166E+8	3.033979E-11	1.420000E+1
1.470660E-1	1.088118E-11	1.351563E+10	1.600252E-12	1.430000E+1
1.470745E-1	8.496484E-11	1.731004E+9	1.249616E-11	1.440000E+1
1.470998E-1	1.558805E-10	9.436703E+8	2.292999E-11	1.450000E+1
1.470407E-1	1.978640E-10	7.431402E+8	2.909406E-11	1.460000E+1
1.504526E-1	1.745914E-10	8.617412E+8	2.626773E-11	1.470000E+1
1.504019E-1	2.194048E-10	6.854996E+8	3.299890E-11	1.480000E+1
1.504357E-1	2.366374E-10	6.357224E+8	3.559871E-11	1.490000E+1
1.504442E-1	2.884623E-10	5.215385E+8	4.339748E-11	1.500000E+1
1.504526E-1	3.072153E-10	4.897302E+8	4.622134E-11	1.510000E+1
1.570231E-1	3.444260E-10	4.558979E+8	5.408284E-11	1.520000E+1
1.570399E-1	3.448482E-10	4.553885E+8	5.415493E-11	1.530000E+1
1.570315E-1	3.426098E-10	4.583392E+8	5.380053E-11	1.540000E+1
1.569808E-1	3.582372E-10	4.382035E+8	5.623636E-11	1.550000E+1
1.570146E-1	4.264499E-10	3.681900E+8	6.695886E-11	1.560000E+1
1.602999E-1	4.041066E-10	3.966773E+8	6.477825E-11	1.570000E+1
1.603336E-1	3.330219E-10	4.814506E+8	5.339460E-11	1.580000E+1
1.602239E-1	3.028227E-10	5.291014E+8	4.851943E-11	1.590000E+1
1.602407E-1	2.857587E-10	5.607553E+8	4.579017E-11	1.600000E+1
1.602492E-1	2.525185E-10	6.346038E+8	4.046589E-11	1.610000E+1
1.669633E-1	2.535325E-10	6.585479E+8	4.233062E-11	1.620000E+1
1.668534E-1	2.120976E-10	7.866822E+8	3.538921E-11	1.630000E+1
1.668703E-1	1.938513E-10	8.608160E+8	3.234802E-11	1.640000E+1
1.668365E-1	2.039880E-10	8.178741E+8	3.403264E-11	1.650000E+1
1.668957E-1	1.669043E-10	9.999485E+8	2.785561E-11	1.660000E+1
1.702063E-1	1.590060E-10	1.070439E+9	2.706382E-11	1.670000E+1
1.702485E-1	1.174028E-10	1.450123E+9	1.998765E-11	1.680000E+1
1.702232E-1	1.029155E-10	1.654009E+9	1.751861E-11	1.690000E+1
1.702401E-1	8.859719E-11	1.921507E+9	1.508279E-11	1.700000E+1
1.702485E-1	1.393658E-10	1.221595E+9	2.372682E-11	1.710000E+1
1.768021E-1	1.550780E-10	1.140085E+9	2.741812E-11	1.720000E+1
1.768613E-1	1.697766E-10	1.041730E+9	3.002691E-11	1.730000E+1
1.768189E-1	1.474751E-10	1.198975E+9	2.607638E-11	1.740000E+1
1.768612E-1	1.908526E-10	9.266900E+8	3.375442E-11	1.750000E+1
1.768190E-1	2.023412E-10	8.738655E+8	3.577777E-11	1.760000E+1
1.801296E-1	2.934037E-10	6.139309E+8	5.285069E-11	1.770000E+1
1.800789E-1	3.211531E-10	5.607260E+8	5.783290E-11	1.780000E+1
1.801211E-1	3.132127E-10	5.750760E+8	5.641622E-11	1.790000E+1
1.800789E-1	3.309099E-10	5.441931E+8	5.958989E-11	1.800000E+1
1.801211E-1	3.475091E-10	5.183205E+8	6.259372E-11	1.810000E+1
1.867085E-1	4.109912E-10	4.542883E+8	7.673555E-11	1.820000E+1
1.867592E-1	4.376426E-10	4.267391E+8	8.173378E-11	1.830000E+1
1.866493E-1	4.267028E-10	4.374223E+8	7.964378E-11	1.840000E+1
1.866494E-1	4.095129E-10	4.557839E+8	7.643534E-11	1.850000E+1
1.867339E-1	3.961239E-10	4.714028E+8	7.396976E-11	1.860000E+1
1.900276E-1	3.635593E-10	5.226867E+8	6.908630E-11	1.860000E+1
1.900698E-1	3.565479E-10	5.330835E+8	6.776899E-11	1.870000E+1
1.900783E-1	3.190420E-10	5.957783E+8	6.064296E-11	1.890000E+1
1.900107E-1	3.483538E-10	5.454532E+8	6.619095E-11	1.900000E+1
1.900191E-1	3.839172E-10	4.949481E+8	7.295160E-11	1.910000E+1
1.966234E-1	4.259431E-10	4.616189E+8	8.375038E-11	1.920000E+1
1.965811E-1	3.668957E-10	5.357956E+8	7.212476E-11	1.920000E+1
1.965473E-1	1.955408E-10	1.005147E+9	3.843302E-11	1.930000E+1
1.966150E-1	8.737228E-11	2.250313E+9	1.717870E-11	1.950000E+1
1.966234E-1	4.696585E-10	4.186519E+8	9.234585E-11	1.960000E+1
1.998157E-1	4.652230E-10	4.295052E+8	9.295886E-11	1.960000E+1
1.998495E-1	4.107380E-10	4.865620E+8	8.208578E-11	1.970000E+1
1.998242E-1	3.154516E-10	6.334544E+8	6.303486E-11	1.980000E+1
1.998579E-1	2.832244E-10	7.056521E+8	5.660463E-11	1.990000E+1
1.998749E-1	2.885043E-10	6.927970E+8	5.766477E-11	2.010000E+1
2.064705E-1	3.471707E-10	5.947233E+8	7.168051E-11	2.010000E+1
2.065045E-1	3.989959E-10	5.175605E+8	8.239445E-11	2.020000E+1
2.065636E-1	4.388256E-10	4.707191E+8	9.064540E-11	2.030000E+1
2.064538E-1	4.737132E-10	4.358202E+8	9.779989E-11	2.040000E+1
2.064876E-1	5.890619E-10	3.505363E+8	1.216340E-10	2.050000E+1
2.098489E-1	5.998748E-10	3.498212E+8	1.258831E-10	2.070000E+1
2.097559E-1	6.554584E-10	3.200141E+8	1.374863E-10	2.070000E+1
2.097643E-1	7.981342E-10	2.628183E+8	1.674201E-10	2.080000E+1
2.097305E-1	9.911140E-10	2.116109E+8	2.078668E-10	2.090000E+1
2.097728E-1	9.652237E-10	2.173308E+8	2.024777E-10	2.100000E+1
2.163603E-1	8.043438E-10	2.689898E+8	1.740281E-10	2.110000E+1
2.163518E-1	8.262647E-10	2.618432E+8	1.787639E-10	2.120000E+1
2.163433E-1	9.409377E-10	2.299231E+8	2.035656E-10	2.130000E+1
2.163096E-1	7.589811E-10	2.850000E+8	1.641749E-10	2.140000E+1
2.163603E-1	7.740176E-10	2.795289E+8	1.674667E-10	2.150000E+1
2.195778E-1	7.468163E-10	2.940185E+8	1.639843E-10	2.160000E+1
2.195949E-1	6.639059E-10	3.307621E+8	1.457903E-10	2.170000E+1
2.195102E-1	6.448139E-10	3.404241E+8	1.415432E-10	2.180000E+1
2.195019E-1	5.464025E-10	4.017220E+8	1.199364E-10	2.190000E+1
2.195187E-1	5.146824E-10	4.265129E+8	1.129824E-10	2.200000E+1
2.262582E-1	5.979317E-10	3.784014E+8	1.352870E-10	2.210000E+1
2.262328E-1	5.547656E-10	4.077989E+8	1.255062E-10	2.220000E+1
2.262161E-1	4.905237E-10	4.611726E+8	1.109644E-10	2.230000E+1
2.261991E-1	4.599016E-10	4.918424E+8	1.040293E-10	2.240000E+1
2.261652E-1	4.082877E-10	5.539359E+8	9.234047E-11	2.250000E+1
2.295773E-1	3.657558E-10	6.276792E+8	8.396923E-11	2.260000E+1
2.295097E-1	1.942316E-10	1.181629E+9	4.457804E-11	2.270000E+1
2.295435E-1	7.119566E-11	3.224122E+9	1.634250E-11	2.280000E+1
2.295603E-1	9.062448E-11	2.533094E+9	2.080378E-11	2.290000E+1
2.294927E-1	3.364430E-10	6.821147E+8	7.721121E-11	2.300000E+1
2.362829E-1	4.637875E-10	5.094637E+8	1.095851E-10	2.310000E+1
2.362152E-1	5.710266E-10	4.136676E+8	1.348852E-10	2.320000E+1
2.361899E-1	5.356323E-10	4.409553E+8	1.265109E-10	2.330000E+1
2.362069E-1	7.137877E-10	3.309204E+8	1.686016E-10	2.340000E+1
2.361984E-1	7.343572E-10	3.216397E+8	1.734540E-10	2.350000E+1
2.394330E-1	8.861561E-10	2.701928E+8	2.121750E-10	2.360000E+1
2.394414E-1	9.278440E-10	2.580621E+8	2.221643E-10	2.370000E+1
2.394922E-1	9.426275E-10	2.540688E+8	2.257519E-10	2.380000E+1
2.394414E-1	9.402614E-10	2.546541E+8	2.251375E-10	2.390000E+1
2.395512E-1	9.943251E-10	2.409184E+8	2.381918E-10	2.400000E+1
2.461554E-1	1.146251E-9	2.147483E+8	2.821559E-10	2.410000E+1
2.461639E-1	1.202764E-9	2.046652E+8	2.960771E-10	2.420000E+1
2.461385E-1	1.351564E-9	1.821138E+8	3.326719E-10	2.430000E+1
2.461302E-1	1.213112E-9	2.028916E+8	2.985835E-10	2.440000E+1
2.461555E-1	1.133833E-9	2.171003E+8	2.790992E-10	2.450000E+1
2.493901E-1	1.076349E-9	2.317000E+8	2.684308E-10	2.460000E+1
2.494239E-1	8.471297E-10	2.944341E+8	2.112944E-10	2.470000E+1
2.493900E-1	1.057891E-9	2.357426E+8	2.638274E-10	2.480000E+1
2.493900E-1	1.241917E-9	2.008105E+8	3.097217E-10	2.490000E+1
2.494998E-1	1.124837E-9	2.218097E+8	2.806466E-10	2.500000E+1
2.559520E-1	1.176154E-9	2.176178E+8	3.010390E-10	2.510000E+1
2.560197E-1	1.285253E-9	1.991979E+8	3.290501E-10	2.520000E+1
2.560113E-1	1.106633E-9	2.313425E+8	2.833106E-10	2.530000E+1
2.559352E-1	9.820759E-10	2.606063E+8	2.513478E-10	2.540000E+1
2.560787E-1	8.786377E-10	2.914497E+8	2.250004E-10	2.550000E+1
2.592964E-1	8.819745E-10	2.939953E+8	2.286928E-10	2.560000E+1
2.592627E-1	8.651223E-10	2.996833E+8	2.242939E-10	2.570000E+1
2.593050E-1	9.282244E-10	2.793559E+8	2.406932E-10	2.580000E+1
2.593050E-1	9.217623E-10	2.813144E+8	2.390176E-10	2.590000E+1
2.593303E-1	8.888176E-10	2.917700E+8	2.304973E-10	2.600000E+1
2.658838E-1	1.128131E-9	2.356852E+8	2.999518E-10	2.610000E+1
2.659345E-1	1.133495E-9	2.346146E+8	3.014354E-10	2.620000E+1
2.659177E-1	1.153220E-9	2.305871E+8	3.066616E-10	2.630000E+1
2.659092E-1	1.036689E-9	2.564985E+8	2.756651E-10	2.640000E+1
2.659430E-1	1.187136E-9	2.240207E+8	3.157105E-10	2.650000E+1
2.692791E-1	1.453230E-9	1.852970E+8	3.913245E-10	2.660000E+1
2.692366E-1	1.476501E-9	1.823477E+8	3.975281E-10	2.670000E+1
2.693043E-1	1.455806E-9	1.849864E+8	3.920548E-10	2.680000E+1
2.693550E-1	1.551092E-9	1.736551E+8	4.177944E-10	2.690000E+1
2.692620E-1	1.675901E-9	1.606670E+8	4.512565E-10	2.700000E+1
2.758914E-1	1.942668E-9	1.420168E+8	5.359654E-10	2.710000E+1
2.759169E-1	1.777692E-9	1.552107E+8	4.904953E-10	2.720000E+1
2.758748E-1	1.943937E-9	1.419155E+8	5.362832E-10	2.730000E+1
2.758748E-1	2.148702E-9	1.283914E+8	5.927727E-10	2.740000E+1
2.759085E-1	2.209776E-9	1.248581E+8	6.096960E-10	2.750000E+1
2.792107E-1	2.266923E-9	1.231673E+8	6.329492E-10	2.760000E+1
2.791599E-1	2.286139E-9	1.221098E+8	6.381983E-10	2.770000E+1
2.791600E-1	2.346707E-9	1.189582E+8	6.551067E-10	2.780000E+1
2.791431E-1	2.242678E-9	1.244686E+8	6.260281E-10	2.790000E+1
2.791432E-1	1.833445E-9	1.522507E+8	5.117937E-10	2.800000E+1
2.858233E-1	2.422945E-9	1.179652E+8	6.925341E-10	2.810000E+1
2.857811E-1	2.504968E-9	1.140857E+8	7.158725E-10	2.820000E+1
2.857895E-1	2.460704E-9	1.161414E+8	7.032434E-10	2.830000E+1
2.857727E-1	2.455806E-9	1.163662E+8	7.018023E-10	2.840000E+1
2.857473E-1	2.423620E-9	1.179010E+8	6.925429E-10	2.850000E+1
2.890918E-1	2.055316E-9	1.406556E+8	5.941750E-10	2.860000E+1
2.891171E-1	1.183293E-9	2.443326E+8	3.421102E-10	2.870000E+1
2.890748E-1	9.687291E-10	2.984062E+8	2.800352E-10	2.880000E+1
2.890832E-1	1.338682E-9	2.159461E+8	3.869905E-10	2.890000E+1
2.890916E-1	1.491579E-9	1.938158E+8	4.312030E-10	2.900000E+1
2.957044E-1	1.368881E-9	2.160191E+8	4.047841E-10	2.910000E+1
2.957045E-1	1.875598E-9	1.576588E+8	5.546228E-10	2.910000E+1
2.957129E-1	1.388067E-8	2.130394E+7	4.104693E-9	2.930000E+1
2.957213E-1	1.056406E-8	2.799315E+7	3.124018E-9	2.940000E+1
2.957297E-1	3.380919E-9	8.747021E+7	9.998382E-10	2.950000E+1
2.990235E-1	7.121406E-10	4.198939E+8	2.129468E-10	2.960000E+1
2.989220E-1	-2.940073E-9	-1.016716E+8	-8.788525E-10	2.960000E+1
2.989559E-1	-5.903736E-9	-5.063843E+7	-1.764957E-9	2.970000E+1
2.990235E-1	1.430421E-9	2.090458E+8	4.277295E-10	2.990000E+1
2.989981E-1	3.098819E-9	9.648776E+7	9.265410E-10	3.000000E+1
3.056108E-1	3.895830E-9	7.844562E+7	1.190608E-9	3.010000E+1
3.056448E-1	5.029597E-9	6.076924E+7	1.537270E-9	3.020000E+1
3.056363E-1	4.857269E-9	6.292349E+7	1.484558E-9	3.020000E+1
3.056024E-1	4.496354E-9	6.796671E+7	1.374097E-9	3.030000E+1
3.056194E-1	4.202301E-9	7.272668E+7	1.284305E-9	3.050000E+1
3.089638E-1	4.112338E-9	7.513094E+7	1.270564E-9	3.060000E+1
3.089299E-1	3.968308E-9	7.784927E+7	1.225929E-9	3.070000E+1
3.089722E-1	3.989344E-9	7.744938E+7	1.232596E-9	3.070000E+1
3.089468E-1	3.997325E-9	7.728839E+7	1.234961E-9	3.080000E+1
3.090145E-1	3.946981E-9	7.829136E+7	1.219674E-9	3.090000E+1
3.155849E-1	4.573437E-9	6.900388E+7	1.443308E-9	3.110000E+1
3.156019E-1	4.634935E-9	6.809198E+7	1.462794E-9	3.120000E+1
3.156101E-1	4.628133E-9	6.819383E+7	1.460686E-9	3.120000E+1
3.155257E-1	4.543363E-9	6.944761E+7	1.433548E-9	3.130000E+1
3.155847E-1	4.505222E-9	7.004865E+7	1.421779E-9	3.140000E+1
3.189039E-1	4.841218E-9	6.587266E+7	1.543883E-9	3.150000E+1
3.188869E-1	4.735413E-9	6.734088E+7	1.510061E-9	3.160000E+1
3.188785E-1	4.723756E-9	6.750529E+7	1.506304E-9	3.170000E+1
3.188532E-1	4.745424E-9	6.719172E+7	1.513094E-9	3.180000E+1
3.188616E-1	4.738076E-9	6.729770E+7	1.510790E-9	3.190000E+1
3.254237E-1	5.619137E-9	5.791347E+7	1.828600E-9	3.200000E+1
3.254405E-1	5.577532E-9	5.834848E+7	1.815155E-9	3.210000E+1
3.254829E-1	5.593838E-9	5.818597E+7	1.820699E-9	3.220000E+1
3.254660E-1	5.593670E-9	5.818470E+7	1.820549E-9	3.230000E+1
3.254996E-1	5.661795E-9	5.749053E+7	1.842912E-9	3.240000E+1
3.287934E-1	6.187224E-9	5.314070E+7	2.034318E-9	3.250000E+1
3.287849E-1	6.286521E-9	5.229998E+7	2.066913E-9	3.270000E+1
3.287934E-1	6.312160E-9	5.208889E+7	2.075397E-9	3.270000E+1
3.287680E-1	6.421720E-9	5.119625E+7	2.111256E-9	3.280000E+1
3.288186E-1	6.444696E-9	5.102158E+7	2.119136E-9	3.290000E+1
3.356257E-1	7.638651E-9	4.393782E+7	2.563728E-9	3.300000E+1
3.355750E-1	7.645578E-9	4.389138E+7	2.565665E-9	3.310000E+1
3.355750E-1	7.577238E-9	4.428725E+7	2.542732E-9	3.320000E+1
3.355158E-1	7.624373E-9	4.400569E+7	2.558098E-9	3.330000E+1
3.354821E-1	7.641944E-9	4.390010E+7	2.563735E-9	3.340000E+1
3.420946E-1	8.933797E-9	3.829218E+7	3.056204E-9	3.350000E+1
3.421540E-1	9.078970E-9	3.768643E+7	3.106406E-9	3.360000E+1
3.421541E-1	9.123237E-9	3.750359E+7	3.121553E-9	3.370000E+1
3.421285E-1	9.181603E-9	3.726239E+7	3.141288E-9	3.380000E+1
3.421032E-1	9.373782E-9	3.649575E+7	3.206801E-9	3.390000E+1
3.454729E-1	9.798304E-9	3.525844E+7	3.385048E-9	3.400000E+1
3.453713E-1	9.779248E-9	3.531675E+7	3.377472E-9	3.410000E+1
3.454223E-1	9.718437E-9	3.554299E+7	3.356965E-9	3.420000E+1
3.454223E-1	9.703190E-9	3.559884E+7	3.351698E-9	3.430000E+1
3.454477E-1	9.675739E-9	3.570246E+7	3.342462E-9	3.440000E+1
3.520013E-1	1.140403E-8	3.086640E+7	4.014233E-9	3.450000E+1
3.520519E-1	1.135427E-8	3.100612E+7	3.997292E-9	3.460000E+1
3.519927E-1	1.140398E-8	3.086578E+7	4.014118E-9	3.470000E+1
3.520772E-1	1.137019E-8	3.096494E+7	4.003185E-9	3.480000E+1
3.520855E-1	1.136854E-8	3.097016E+7	4.002698E-9	3.490000E+1
3.553795E-1	1.239871E-8	2.866262E+7	4.406247E-9	3.500000E+1
3.553879E-1	1.247368E-8	2.849102E+7	4.432995E-9	3.510000E+1
3.554133E-1	1.244492E-8	2.855891E+7	4.423090E-9	3.520000E+1
3.553710E-1	1.248829E-8	2.845634E+7	4.437976E-9	3.530000E+1
3.553202E-1	1.251853E-8	2.838354E+7	4.448087E-9	3.540000E+1
3.619669E-1	1.482070E-8	2.442306E+7	5.364603E-9	3.550000E+1
3.619499E-1	1.479882E-8	2.445802E+7	5.356431E-9	3.560000E+1
3.619837E-1	1.485258E-8	2.437177E+7	5.376392E-9	3.570000E+1
3.620006E-1	1.488283E-8	2.432337E+7	5.387593E-9	3.580000E+1
3.620345E-1	1.485103E-8	2.437774E+7	5.376585E-9	3.590000E+1
3.653111E-1	1.611521E-8	2.266871E+7	5.887065E-9	3.600000E+1
3.653112E-1	1.614047E-8	2.263324E+7	5.896294E-9	3.610000E+1
3.652012E-1	1.612674E-8	2.264569E+7	5.889505E-9	3.620000E+1
3.653871E-1	1.610436E-8	2.268871E+7	5.884325E-9	3.630000E+1
3.652774E-1	1.611108E-8	2.267243E+7	5.885013E-9	3.640000E+1
3.719069E-1	1.908404E-8	1.948785E+7	7.097486E-9	3.650000E+1
3.718055E-1	1.908138E-8	1.948525E+7	7.094562E-9	3.660000E+1
3.718818E-1	1.905474E-8	1.951650E+7	7.086111E-9	3.670000E+1
3.719240E-1	1.905465E-8	1.951881E+7	7.086882E-9	3.680000E+1
3.718648E-1	1.899125E-8	1.958085E+7	7.062177E-9	3.690000E+1
3.752092E-1	2.073348E-8	1.809678E+7	7.779392E-9	3.700000E+1
3.751668E-1	2.076376E-8	1.806835E+7	7.789873E-9	3.710000E+1
3.751414E-1	2.078246E-8	1.805087E+7	7.796361E-9	3.720000E+1
3.752092E-1	2.073276E-8	1.809741E+7	7.779122E-9	3.730000E+1
3.751414E-1	2.072604E-8	1.810000E+7	7.775196E-9	3.740000E+1
3.817881E-1	2.464605E-8	1.549084E+7	9.409569E-9	3.750000E+1
3.817542E-1	2.464347E-8	1.549109E+7	9.407748E-9	3.760000E+1
3.818473E-1	2.463668E-8	1.549914E+7	9.407450E-9	3.770000E+1
3.817967E-1	2.464032E-8	1.549479E+7	9.407593E-9	3.780000E+1
3.817880E-1	2.466028E-8	1.548190E+7	9.414999E-9	3.790000E+1
3.851072E-1	2.689361E-8	1.431965E+7	1.035692E-8	3.800000E+1
3.850902E-1	2.686564E-8	1.433393E+7	1.034569E-8	3.810000E+1
3.850988E-1	2.685015E-8	1.434252E+7	1.033996E-8	3.820000E+1
3.851409E-1	2.688207E-8	1.432706E+7	1.035338E-8	3.830000E+1
3.851831E-1	2.684515E-8	1.434833E+7	1.034030E-8	3.840000E+1
3.917705E-1	3.205271E-8	1.222270E+7	1.255731E-8	3.850000E+1
3.917536E-1	3.202441E-8	1.223297E+7	1.254568E-8	3.860000E+1
3.916946E-1	3.202856E-8	1.222954E+7	1.254541E-8	3.870000E+1
3.916690E-1	3.195559E-8	1.225667E+7	1.251601E-8	3.880000E+1
3.917197E-1	3.199154E-8	1.224448E+7	1.253172E-8	3.890000E+1
3.949965E-1	3.489270E-8	1.132032E+7	1.378249E-8	3.900000E+1
3.950220E-1	3.488537E-8	1.132343E+7	1.378049E-8	3.910000E+1
3.950389E-1	3.491536E-8	1.131419E+7	1.379293E-8	3.920000E+1
3.949797E-1	3.491924E-8	1.131123E+7	1.379239E-8	3.930000E+1
3.950557E-1	3.496591E-8	1.129831E+7	1.381348E-8	3.940000E+1
4.015586E-1	4.161880E-8	9.648491E+6	1.671239E-8	3.950000E+1
4.015670E-1	4.159325E-8	9.654619E+6	1.670248E-8	3.960000E+1
4.016432E-1	4.159065E-8	9.657055E+6	1.670460E-8	3.970000E+1
4.016178E-1	4.158257E-8	9.658321E+6	1.670030E-8	3.980000E+1
4.016770E-1	4.153409E-8	9.671020E+6	1.668329E-8	3.990000E+1
4.048946E-1	4.527023E-8	8.943948E+6	1.832967E-8	4.000000E+1
4.048693E-1	4.535543E-8	8.926589E+6	1.836302E-8	4.010000E+1
4.049201E-1	4.535380E-8	8.928030E+6	1.836467E-8	4.020000E+1
4.049198E-1	4.533142E-8	8.932431E+6	1.835559E-8	4.030000E+1
4.048861E-1	4.531386E-8	8.935149E+6	1.834695E-8	4.040000E+1
4.115327E-1	5.404254E-8	7.614977E+6	2.224027E-8	4.050000E+1
4.114820E-1	5.406489E-8	7.610891E+6	2.224673E-8	4.060000E+1
4.114652E-1	5.404323E-8	7.613631E+6	2.223691E-8	4.070000E+1
4.114311E-1	5.406097E-8	7.610502E+6	2.224236E-8	4.080000E+1
4.114906E-1	5.397405E-8	7.623860E+6	2.220981E-8	4.090000E+1
4.148180E-1	5.905273E-8	7.024536E+6	2.449614E-8	4.100000E+1
4.148010E-1	5.911764E-8	7.016535E+6	2.452206E-8	4.110000E+1
4.148265E-1	5.907690E-8	7.021805E+6	2.450666E-8	4.120000E+1
4.148266E-1	5.915822E-8	7.012155E+6	2.454040E-8	4.130000E+1
4.148179E-1	5.905990E-8	7.023681E+6	2.449910E-8	4.140000E+1
4.214137E-1	7.064703E-8	5.965059E+6	2.977163E-8	4.150000E+1
4.214561E-1	7.067887E-8	5.962972E+6	2.978804E-8	4.160000E+1
4.214137E-1	7.072323E-8	5.958632E+6	2.980374E-8	4.170000E+1
4.214813E-1	7.062744E-8	5.967671E+6	2.976815E-8	4.180000E+1
4.214053E-1	7.051103E-8	5.976445E+6	2.971372E-8	4.190000E+1
4.247075E-1	7.720509E-8	5.501030E+6	3.278958E-8	4.200000E+1
4.246991E-1	7.733122E-8	5.491949E+6	3.284250E-8	4.210000E+1
4.247666E-1	7.715833E-8	5.505130E+6	3.277428E-8	4.210000E+1
4.246822E-1	7.722655E-8	5.499174E+6	3.279674E-8	4.220000E+1
4.247836E-1	7.725038E-8	5.498790E+6	3.281469E-8	4.240000E+1
4.313540E-1	9.252797E-8	4.661877E+6	3.991231E-8	4.250000E+1
4.313878E-1	9.262628E-8	4.657294E+6	3.995785E-8	4.260000E+1
4.313877E-1	9.270600E-8	4.653288E+6	3.999223E-8	4.270000E+1
4.313623E-1	9.249445E-8	4.663656E+6	3.989862E-8	4.270000E+1
4.313960E-1	9.253692E-8	4.661880E+6	3.992006E-8	4.280000E+1
4.346645E-1	1.011392E-7	4.297686E+6	4.396162E-8	4.300000E+1
4.346901E-1	1.012036E-7	4.295204E+6	4.399220E-8	4.310000E+1
4.346730E-1	1.012201E-7	4.294335E+6	4.399764E-8	4.310000E+1
4.347406E-1	1.012942E-7	4.291861E+6	4.403670E-8	4.320000E+1
4.347829E-1	1.012941E-7	4.292283E+6	4.404094E-8	4.330000E+1
4.414377E-1	1.217168E-7	3.626761E+6	5.373038E-8	4.340000E+1
4.413956E-1	1.219433E-7	3.619679E+6	5.382524E-8	4.360000E+1
4.413957E-1	1.217910E-7	3.624206E+6	5.375802E-8	4.360000E+1
4.414549E-1	1.221357E-7	3.614462E+6	5.391740E-8	4.370000E+1
4.414464E-1	1.218564E-7	3.622677E+6	5.379307E-8	4.380000E+1
4.447398E-1	1.336801E-7	3.326896E+6	5.945286E-8	4.390000E+1
4.447061E-1	1.336708E-7	3.326875E+6	5.944422E-8	4.410000E+1
4.446467E-1	1.335418E-7	3.329644E+6	5.937892E-8	4.420000E+1
4.447230E-1	1.335856E-7	3.329124E+6	5.940859E-8	4.420000E+1
4.447568E-1	1.335437E-7	3.330421E+6	5.939447E-8	4.430000E+1
4.513696E-1	1.603918E-7	2.814169E+6	7.239598E-8	4.440000E+1
4.513104E-1	1.605042E-7	2.811829E+6	7.243721E-8	4.450000E+1
4.513357E-1	1.605701E-7	2.810833E+6	7.247102E-8	4.460000E+1
4.513695E-1	1.603524E-7	2.814860E+6	7.237818E-8	4.470000E+1
4.513949E-1	1.602419E-7	2.816959E+6	7.233238E-8	4.480000E+1
4.546801E-1	1.753778E-7	2.592575E+6	7.974080E-8	4.490000E+1
4.546208E-1	1.751791E-7	2.595177E+6	7.964006E-8	4.500000E+1
4.546546E-1	1.751609E-7	2.595640E+6	7.963771E-8	4.510000E+1
4.547393E-1	1.750260E-7	2.598124E+6	7.959120E-8	4.520000E+1
4.547477E-1	1.753785E-7	2.592950E+6	7.975297E-8	4.530000E+1
4.613433E-1	2.121632E-7	2.174474E+6	9.788007E-8	4.540000E+1
4.613519E-1	2.195062E-7	2.101772E+6	1.012696E-7	4.550000E+1
4.613603E-1	2.205411E-7	2.091947E+6	1.017489E-7	4.560000E+1
4.614110E-1	2.179925E-7	2.116637E+6	1.005841E-7	4.570000E+1
4.614363E-1	2.104684E-7	2.192426E+6	9.711776E-8	4.580000E+1
4.646625E-1	2.307818E-7	2.013428E+6	1.072356E-7	4.590000E+1
4.647046E-1	2.277414E-7	2.040492E+6	1.058325E-7	4.600000E+1
4.646709E-1	2.261493E-7	2.054709E+6	1.050850E-7	4.610000E+1
4.647384E-1	2.319242E-7	2.003837E+6	1.077841E-7	4.620000E+1
4.647131E-1	2.343523E-7	1.982968E+6	1.089066E-7	4.630000E+1
4.714527E-1	2.817604E-7	1.673240E+6	1.328367E-7	4.640000E+1
4.714694E-1	2.820792E-7	1.671408E+6	1.329917E-7	4.650000E+1
4.714102E-1	2.814299E-7	1.675054E+6	1.326689E-7	4.660000E+1
4.714610E-1	2.814027E-7	1.675396E+6	1.326704E-7	4.670000E+1
4.714611E-1	2.811491E-7	1.676908E+6	1.325509E-7	4.680000E+1
4.747714E-1	3.093764E-7	1.534608E+6	1.468831E-7	4.690000E+1
4.747968E-1	3.095457E-7	1.533850E+6	1.469713E-7	4.700000E+1
4.747377E-1	3.103800E-7	1.529537E+6	1.473491E-7	4.710000E+1
4.748223E-1	3.095931E-7	1.533698E+6	1.470017E-7	4.720000E+1
4.747379E-1	3.095447E-7	1.533665E+6	1.469526E-7	4.730000E+1
4.814519E-1	3.744757E-7	1.285669E+6	1.802920E-7	4.740000E+1
4.814602E-1	3.748260E-7	1.284490E+6	1.804638E-7	4.750000E+1
4.814689E-1	3.748883E-7	1.284300E+6	1.804971E-7	4.760000E+1
4.814689E-1	3.753914E-7	1.282578E+6	1.807393E-7	4.770000E+1
4.814857E-1	3.749487E-7	1.284138E+6	1.805324E-7	4.780000E+1
4.848551E-1	4.133448E-7	1.173004E+6	2.004123E-7	4.790000E+1
4.848469E-1	4.138252E-7	1.171622E+6	2.006419E-7	4.800000E+1
4.848806E-1	4.129115E-7	1.174297E+6	2.002128E-7	4.810000E+1
4.848131E-1	4.136348E-7	1.172080E+6	2.005356E-7	4.820000E+1
4.849316E-1	4.137545E-7	1.172027E+6	2.006426E-7	4.830000E+1
4.916202E-1	5.030354E-7	9.773074E+5	2.473024E-7	4.840000E+1
4.916370E-1	5.039255E-7	9.756145E+5	2.477484E-7	4.850000E+1
4.915946E-1	5.035015E-7	9.763518E+5	2.475186E-7	4.860000E+1
4.915863E-1	5.027558E-7	9.777834E+5	2.471479E-7	4.870000E+1
4.916284E-1	5.036181E-7	9.761929E+5	2.475930E-7	4.880000E+1
4.949982E-1	5.550376E-7	8.918282E+5	2.747426E-7	4.890000E+1
4.950320E-1	5.558682E-7	8.905564E+5	2.751725E-7	4.900000E+1
4.950067E-1	5.551585E-7	8.916493E+5	2.748072E-7	4.910000E+1
4.950152E-1	5.547253E-7	8.923610E+5	2.745975E-7	4.920000E+1
4.949645E-1	5.553367E-7	8.912872E+5	2.748720E-7	4.930000E+1
5.017715E-1	6.757824E-7	7.425045E+5	3.390883E-7	4.940000E+1
5.017629E-1	6.761731E-7	7.420628E+5	3.392786E-7	4.950000E+1
5.017630E-1	6.768661E-7	7.413032E+5	3.396264E-7	4.960000E+1
5.017883E-1	6.765403E-7	7.416976E+5	3.394800E-7	4.970000E+1
5.017544E-1	6.760977E-7	7.421330E+5	3.392350E-7	4.980000E+1
5.052172E-1	7.461509E-7	6.770979E+5	3.769683E-7	4.990000E+1
5.052001E-1	7.472770E-7	6.760547E+5	3.775244E-7	5.000000E+1
5.052257E-1	7.460151E-7	6.772325E+5	3.769060E-7	5.010000E+1
5.052423E-1	7.463487E-7	6.769521E+5	3.770869E-7	5.020000E+1
5.052509E-1	7.471228E-7	6.762622E+5	3.774845E-7	5.030000E+1
5.120748E-1	9.128817E-7	5.609432E+5	4.674637E-7	5.040000E+1
5.121082E-1	9.134471E-7	5.606326E+5	4.677838E-7	5.050000E+1
5.120916E-1	9.128767E-7	5.609647E+5	4.674765E-7	5.060000E+1
5.121171E-1	9.124848E-7	5.612336E+5	4.672991E-7	5.070000E+1
5.120832E-1	9.129561E-7	5.609067E+5	4.675095E-7	5.080000E+1
5.155964E-1	1.011154E-6	5.099089E+5	5.213474E-7	5.090000E+1
5.156386E-1	1.012510E-6	5.092677E+5	5.220892E-7	5.100000E+1
5.156302E-1	1.014280E-6	5.083707E+5	5.229934E-7	5.110000E+1
5.155710E-1	1.014036E-6	5.084346E+5	5.228076E-7	5.120000E+1
5.156133E-1	1.013530E-6	5.087302E+5	5.225895E-7	5.130000E+1
5.205961E-1	1.200151E-6	4.337755E+5	6.247939E-7	5.160000E+1
5.206723E-1	1.203321E-6	4.326961E+5	6.265359E-7	5.170000E+1
5.207059E-1	1.203751E-6	4.325694E+5	6.268002E-7	5.180000E+1
5.206637E-1	1.203276E-6	4.327051E+5	6.265021E-7	5.190000E+1
5.206466E-1	1.203132E-6	4.327427E+5	6.264066E-7	5.200000E+1
5.239997E-1	1.328596E-6	3.944011E+5	6.961839E-7	5.210000E+1
5.239657E-1	1.328965E-6	3.942660E+5	6.963321E-7	5.220000E+1
5.239998E-1	1.327874E-6	3.946156E+5	6.958057E-7	5.230000E+1
5.239743E-1	1.330202E-6	3.939058E+5	6.969917E-7	5.240000E+1
5.239659E-1	1.328993E-6	3.942578E+5	6.963470E-7	5.250000E+1
5.306634E-1	1.627565E-6	3.260474E+5	8.636892E-7	5.260000E+1
5.306548E-1	1.625286E-6	3.264993E+5	8.624658E-7	5.260000E+1
5.306628E-1	1.627095E-6	3.261413E+5	8.634388E-7	5.270000E+1
5.306633E-1	1.622074E-6	3.271511E+5	8.607751E-7	5.290000E+1
5.306463E-1	1.622061E-6	3.271432E+5	8.607407E-7	5.300000E+1
5.340073E-1	1.800813E-6	2.965368E+5	9.616473E-7	5.310000E+1
5.338637E-1	1.799850E-6	2.966157E+5	9.608746E-7	5.320000E+1
5.339905E-1	1.799228E-6	2.967887E+5	9.607707E-7	5.320000E+1
5.339567E-1	1.799763E-6	2.966817E+5	9.609955E-7	5.330000E+1
5.339990E-1	1.799768E-6	2.967044E+5	9.610743E-7	5.350000E+1
5.406455E-1	2.211428E-6	2.444780E+5	1.195599E-6	5.360000E+1
5.406793E-1	2.208029E-6	2.448697E+5	1.193836E-6	5.360000E+1
5.406708E-1	2.210394E-6	2.446038E+5	1.195095E-6	5.370000E+1
5.406284E-1	2.209663E-6	2.446655E+5	1.194607E-6	5.380000E+1
5.406795E-1	2.211705E-6	2.444628E+5	1.195824E-6	5.400000E+1
5.476551E-1	2.739066E-6	1.999423E+5	1.500063E-6	5.410000E+1
5.476213E-1	2.739622E-6	1.998894E+5	1.500275E-6	5.420000E+1
5.475958E-1	2.740686E-6	1.998025E+5	1.500788E-6	5.420000E+1
5.476044E-1	2.742361E-6	1.996836E+5	1.501729E-6	5.430000E+1
5.476637E-1	2.742928E-6	1.996639E+5	1.502202E-6	5.440000E+1
5.510585E-1	3.050547E-6	1.806425E+5	1.681030E-6	5.460000E+1
5.508646E-1	3.042263E-6	1.810707E+5	1.675875E-6	5.470000E+1
5.510078E-1	3.043412E-6	1.810494E+5	1.676944E-6	5.470000E+1
5.509656E-1	3.050224E-6	1.806312E+5	1.680568E-6	5.480000E+1
5.509742E-1	3.050792E-6	1.806004E+5	1.680908E-6	5.490000E+1
5.576206E-1	3.759238E-6	1.483334E+5	2.096229E-6	5.500000E+1
5.576627E-1	3.756139E-6	1.484670E+5	2.094659E-6	5.510000E+1
5.576965E-1	3.755980E-6	1.484823E+5	2.094697E-6	5.520000E+1
5.576627E-1	3.762296E-6	1.482240E+5	2.098092E-6	5.530000E+1
5.576375E-1	3.758902E-6	1.483512E+5	2.096105E-6	5.540000E+1
5.610663E-1	4.176266E-6	1.343464E+5	2.343162E-6	5.550000E+1
5.610833E-1	4.181661E-6	1.341771E+5	2.346260E-6	5.560000E+1
5.610917E-1	4.182384E-6	1.341560E+5	2.346701E-6	5.570000E+1
5.611343E-1	4.181650E-6	1.341897E+5	2.346467E-6	5.580000E+1
5.610662E-1	4.182027E-6	1.341613E+5	2.346394E-6	5.590000E+1
5.677888E-1	5.174612E-6	1.097259E+5	2.938087E-6	5.600000E+1
5.678396E-1	5.169077E-6	1.098532E+5	2.935207E-6	5.610000E+1
5.678142E-1	5.173845E-6	1.097470E+5	2.937783E-6	5.620000E+1
5.678225E-1	5.173259E-6	1.097611E+5	2.937493E-6	5.630000E+1
5.678056E-1	5.162709E-6	1.099821E+5	2.931415E-6	5.640000E+1
5.712600E-1	5.750167E-6	9.934668E+4	3.284840E-6	5.650000E+1
5.711584E-1	5.742731E-6	9.945763E+4	3.280009E-6	5.660000E+1
5.711753E-1	5.734933E-6	9.959581E+4	3.275652E-6	5.670000E+1
5.711754E-1	5.734525E-6	9.960291E+4	3.275420E-6	5.680000E+1
5.712092E-1	5.745284E-6	9.942227E+4	3.281759E-6	5.690000E+1
5.780495E-1	7.133024E-6	8.103849E+4	4.123241E-6	5.700000E+1
5.781258E-1	7.137064E-6	8.100331E+4	4.126121E-6	5.710000E+1
5.780499E-1	7.138036E-6	8.098165E+4	4.126141E-6	5.720000E+1
5.781174E-1	7.129864E-6	8.108393E+4	4.121898E-6	5.730000E+1
5.780413E-1	7.133297E-6	8.103424E+4	4.123340E-6	5.740000E+1
5.815039E-1	7.952005E-6	7.312670E+4	4.624122E-6	5.750000E+1
5.815379E-1	7.949022E-6	7.315842E+4	4.622658E-6	5.760000E+1
5.815715E-1	7.954151E-6	7.311547E+4	4.625908E-6	5.770000E+1
5.815549E-1	7.955868E-6	7.309761E+4	4.626774E-6	5.780000E+1
5.816225E-1	7.947123E-6	7.318655E+4	4.622226E-6	5.790000E+1
5.884460E-1	9.906133E-6	5.940219E+4	5.829224E-6	5.800000E+1
5.886235E-1	9.903360E-6	5.943675E+4	5.829350E-6	5.810000E+1
5.885813E-1	9.890980E-6	5.950687E+4	5.821646E-6	5.820000E+1
5.885474E-1	9.904696E-6	5.942105E+4	5.829383E-6	5.830000E+1
5.886151E-1	9.900273E-6	5.945443E+4	5.827450E-6	5.840000E+1
5.903041E-1	1.067780E-5	5.528331E+4	6.303149E-6	5.870000E+1
5.903042E-1	1.065574E-5	5.539777E+4	6.290128E-6	5.880000E+1
5.902281E-1	1.064855E-5	5.542803E+4	6.285073E-6	5.890000E+1
5.902618E-1	1.065324E-5	5.540679E+4	6.288201E-6	5.900000E+1
5.902703E-1	1.065599E-5	5.539329E+4	6.289914E-6	5.910000E+1
5.969002E-1	1.320414E-5	4.520553E+4	7.881554E-6	5.920000E+1
5.967985E-1	1.322737E-5	4.511846E+4	7.894075E-6	5.930000E+1
5.968747E-1	1.320084E-5	4.521490E+4	7.879247E-6	5.940000E+1
5.968747E-1	1.320333E-5	4.520638E+4	7.880734E-6	5.950000E+1
5.968916E-1	1.320019E-5	4.521841E+4	7.879083E-6	5.960000E+1
6.002950E-1	1.472023E-5	4.078027E+4	8.836480E-6	5.970000E+1
6.002443E-1	1.471724E-5	4.078511E+4	8.833939E-6	5.980000E+1
6.002443E-1	1.470784E-5	4.081118E+4	8.828297E-6	5.990000E+1
6.002699E-1	1.471093E-5	4.080435E+4	8.830528E-6	6.000000E+1
6.001427E-1	1.470310E-5	4.081743E+4	8.823958E-6	6.010000E+1
6.069165E-1	1.829966E-5	3.316545E+4	1.110637E-5	6.020000E+1
6.069503E-1	1.830221E-5	3.316268E+4	1.110853E-5	6.030000E+1
6.069161E-1	1.828242E-5	3.319670E+4	1.109590E-5	6.040000E+1
6.070089E-1	1.831738E-5	3.313841E+4	1.111881E-5	6.050000E+1
6.069754E-1	1.829861E-5	3.317057E+4	1.110681E-5	6.060000E+1
6.102437E-1	2.042974E-5	2.987036E+4	1.246712E-5	6.070000E+1
6.101847E-1	2.042322E-5	2.987701E+4	1.246194E-5	6.080000E+1
6.102183E-1	2.040468E-5	2.990580E+4	1.245131E-5	6.090000E+1
6.103030E-1	2.040213E-5	2.991369E+4	1.245148E-5	6.100000E+1
6.102775E-1	2.042124E-5	2.988445E+4	1.246262E-5	6.110000E+1
6.169999E-1	2.544442E-5	2.424893E+4	1.569920E-5	6.120000E+1
6.169577E-1	2.542393E-5	2.426681E+4	1.568549E-5	6.130000E+1
6.170084E-1	2.542866E-5	2.426429E+4	1.568970E-5	6.140000E+1
6.169916E-1	2.544162E-5	2.425127E+4	1.569727E-5	6.150000E+1
6.169831E-1	2.549361E-5	2.420148E+4	1.572913E-5	6.160000E+1
6.203445E-1	2.840725E-5	2.183754E+4	1.762228E-5	6.170000E+1
6.204120E-1	2.841349E-5	2.183512E+4	1.762807E-5	6.180000E+1
6.203274E-1	2.849646E-5	2.176858E+4	1.767713E-5	6.190000E+1
6.203105E-1	2.839288E-5	2.184740E+4	1.761240E-5	6.200000E+1
6.203021E-1	2.838659E-5	2.185194E+4	1.760826E-5	6.210000E+1
6.270332E-1	3.545362E-5	1.768601E+4	2.223060E-5	6.220000E+1
6.270839E-1	3.548439E-5	1.767211E+4	2.225169E-5	6.230000E+1
6.270583E-1	3.547725E-5	1.767494E+4	2.224630E-5	6.240000E+1
6.270499E-1	3.550662E-5	1.766008E+4	2.226442E-5	6.250000E+1
6.270669E-1	3.546926E-5	1.767917E+4	2.224160E-5	6.260000E+1
6.303771E-1	3.970692E-5	1.587575E+4	2.503033E-5	6.270000E+1
6.305043E-1	3.972814E-5	1.587047E+4	2.504876E-5	6.280000E+1
6.305125E-1	3.975987E-5	1.585801E+4	2.506910E-5	6.290000E+1
6.304449E-1	3.972949E-5	1.586844E+4	2.504725E-5	6.300000E+1
6.305296E-1	3.969854E-5	1.588294E+4	2.503110E-5	6.310000E+1
6.372434E-1	4.978113E-5	1.280090E+4	3.172270E-5	6.320000E+1
6.371846E-1	4.972480E-5	1.281422E+4	3.168388E-5	6.330000E+1
6.372268E-1	4.968113E-5	1.282633E+4	3.165815E-5	6.340000E+1
6.371759E-1	4.962443E-5	1.283996E+4	3.161949E-5	6.350000E+1
6.372351E-1	4.976361E-5	1.280524E+4	3.171112E-5	6.360000E+1
6.406894E-1	5.574985E-5	1.149222E+4	3.571834E-5	6.370000E+1
6.407232E-1	5.576341E-5	1.149003E+4	3.572891E-5	6.380000E+1
6.407233E-1	5.577287E-5	1.148808E+4	3.573498E-5	6.390000E+1
6.407063E-1	5.585162E-5	1.147158E+4	3.578448E-5	6.400000E+1
6.406642E-1	5.590994E-5	1.145886E+4	3.581950E-5	6.410000E+1
6.474966E-1	7.011356E-5	9.234970E+3	4.539829E-5	6.410000E+1
6.475132E-1	7.010513E-5	9.236317E+3	4.539400E-5	6.430000E+1
6.474712E-1	7.024563E-5	9.217245E+3	4.548202E-5	6.440000E+1
6.475134E-1	7.021563E-5	9.221784E+3	4.546556E-5	6.450000E+1
6.475216E-1	7.008641E-5	9.238904E+3	4.538246E-5	6.460000E+1
6.509080E-1	7.871337E-5	8.269345E+3	5.123516E-5	6.460000E+1
6.510179E-1	7.878756E-5	8.262953E+3	5.129211E-5	6.480000E+1
6.510011E-1	7.876529E-5	8.265076E+3	5.127629E-5	6.490000E+1
6.509590E-1	7.876560E-5	8.264509E+3	5.127318E-5	6.500000E+1
6.509501E-1	7.870048E-5	8.271234E+3	5.123009E-5	6.510000E+1
6.579853E-1	9.927628E-5	6.627820E+3	6.532233E-5	6.510000E+1
6.580443E-1	9.948067E-5	6.614796E+3	6.546269E-5	6.520000E+1
6.578920E-1	9.951909E-5	6.610712E+3	6.547281E-5	6.540000E+1
6.579598E-1	9.944409E-5	6.616379E+3	6.543021E-5	6.550000E+1
6.580108E-1	9.950173E-5	6.613059E+3	6.547321E-5	6.560000E+1
6.597421E-1	1.077931E-4	6.120448E+3	7.111565E-5	6.580000E+1
6.597251E-1	1.077599E-4	6.122176E+3	7.109191E-5	6.590000E+1
6.596998E-1	1.078480E-4	6.116941E+3	7.114730E-5	6.600000E+1
6.596828E-1	1.080189E-4	6.107105E+3	7.125821E-5	6.610000E+1
6.597335E-1	1.079189E-4	6.113234E+3	7.119771E-5	6.620000E+1
6.662952E-1	1.354830E-4	4.917925E+3	9.027167E-5	6.630000E+1
6.663974E-1	1.356483E-4	4.912685E+3	9.039567E-5	6.640000E+1
6.663885E-1	1.354851E-4	4.918537E+3	9.028571E-5	6.650000E+1
6.663883E-1	1.355434E-4	4.916420E+3	9.032454E-5	6.660000E+1
6.663797E-1	1.355341E-4	4.916694E+3	9.031717E-5	6.670000E+1
6.697328E-1	1.518603E-4	4.410190E+3	1.017058E-4	6.680000E+1
6.697244E-1	1.516296E-4	4.416845E+3	1.015500E-4	6.690000E+1
6.697243E-1	1.517150E-4	4.414358E+3	1.016072E-4	6.700000E+1
6.697158E-1	1.518890E-4	4.409245E+3	1.017225E-4	6.710000E+1
6.697583E-1	1.518018E-4	4.412058E+3	1.016705E-4	6.720000E+1
6.763794E-1	1.902784E-4	3.554683E+3	1.287004E-4	6.730000E+1
6.764048E-1	1.904395E-4	3.551809E+3	1.288142E-4	6.740000E+1
6.763962E-1	1.904853E-4	3.550910E+3	1.288435E-4	6.750000E+1
6.763707E-1	1.901350E-4	3.557318E+3	1.286017E-4	6.760000E+1
6.763288E-1	1.901540E-4	3.556742E+3	1.286066E-4	6.770000E+1
6.796558E-1	2.135441E-4	3.182742E+3	1.451365E-4	6.780000E+1
6.796476E-1	2.131271E-4	3.188931E+3	1.448513E-4	6.790000E+1
6.797407E-1	2.133004E-4	3.186776E+3	1.449890E-4	6.800000E+1
6.796984E-1	2.133283E-4	3.186161E+3	1.449989E-4	6.810000E+1
6.797405E-1	2.136417E-4	3.181685E+3	1.452209E-4	6.820000E+1
6.864377E-1	2.684495E-4	2.557046E+3	1.842739E-4	6.830000E+1
6.864293E-1	2.689559E-4	2.552200E+3	1.846192E-4	6.840000E+1
6.864969E-1	2.690798E-4	2.551276E+3	1.847224E-4	6.850000E+1
6.864462E-1	2.684529E-4	2.557045E+3	1.842785E-4	6.860000E+1
6.864547E-1	2.683053E-4	2.558484E+3	1.841794E-4	6.870000E+1
6.898159E-1	3.020061E-4	2.284112E+3	2.083286E-4	6.880000E+1
6.897060E-1	3.009172E-4	2.292013E+3	2.075444E-4	6.890000E+1
6.897485E-1	3.007466E-4	2.293454E+3	2.074395E-4	6.900000E+1
6.897399E-1	3.009458E-4	2.291907E+3	2.075743E-4	6.910000E+1
6.897992E-1	3.012737E-4	2.289610E+3	2.078184E-4	6.920000E+1
6.964877E-1	3.791080E-4	1.837175E+3	2.640441E-4	6.930000E+1
6.964875E-1	3.793247E-4	1.836125E+3	2.641949E-4	6.940000E+1
6.965383E-1	3.791864E-4	1.836928E+3	2.641179E-4	6.950000E+1
6.965554E-1	3.793233E-4	1.836311E+3	2.642197E-4	6.960000E+1
6.965215E-1	3.797516E-4	1.834150E+3	2.645052E-4	6.970000E+1
6.999756E-1	4.258364E-4	1.643766E+3	2.980751E-4	6.980000E+1
6.998402E-1	4.265145E-4	1.640836E+3	2.984920E-4	6.990000E+1
6.998657E-1	4.266723E-4	1.640289E+3	2.986133E-4	7.000000E+1
6.999420E-1	4.265240E-4	1.641038E+3	2.985421E-4	7.010000E+1
6.998660E-1	4.263108E-4	1.641680E+3	2.983604E-4	7.020000E+1
7.066135E-1	5.386628E-4	1.311792E+3	3.806264E-4	7.030000E+1
7.066813E-1	5.389026E-4	1.311334E+3	3.808324E-4	7.040000E+1
7.066728E-1	5.388178E-4	1.311525E+3	3.807679E-4	7.050000E+1
7.066643E-1	5.386337E-4	1.311957E+3	3.806332E-4	7.060000E+1
7.067237E-1	5.381337E-4	1.313286E+3	3.803118E-4	7.070000E+1
7.101521E-1	6.062468E-4	1.171391E+3	4.305274E-4	7.080000E+1
7.101436E-1	6.058619E-4	1.172121E+3	4.302490E-4	7.090000E+1
7.101778E-1	6.066513E-4	1.170652E+3	4.308303E-4	7.100000E+1
7.102197E-1	6.054354E-4	1.173073E+3	4.299921E-4	7.110000E+1
7.101440E-1	6.067301E-4	1.170445E+3	4.308657E-4	7.120000E+1
7.170861E-1	7.671972E-4	9.346829E+2	5.501464E-4	7.130000E+1
7.170271E-1	7.673866E-4	9.343753E+2	5.502370E-4	7.140000E+1
7.170182E-1	7.688095E-4	9.326344E+2	5.512504E-4	7.150000E+1
7.170606E-1	7.680986E-4	9.335528E+2	5.507732E-4	7.160000E+1
7.170100E-1	7.685912E-4	9.328886E+2	5.510876E-4	7.170000E+1
7.205657E-1	8.652206E-4	8.328115E+2	6.234483E-4	7.180000E+1
7.205148E-1	8.669479E-4	8.310935E+2	6.246488E-4	7.190000E+1
7.205067E-1	8.670232E-4	8.310120E+2	6.246960E-4	7.200000E+1
7.205408E-1	8.674861E-4	8.306079E+2	6.250591E-4	7.210000E+1
7.205742E-1	8.667584E-4	8.313438E+2	6.245637E-4	7.220000E+1
7.257760E-1	1.061392E-3	6.837964E+2	7.703328E-4	7.250000E+1
7.257764E-1	1.059171E-3	6.852306E+2	7.687213E-4	7.260000E+1
7.257764E-1	1.062231E-3	6.832567E+2	7.709422E-4	7.270000E+1
7.257593E-1	1.061788E-3	6.835256E+2	7.706025E-4	7.280000E+1
7.257849E-1	1.061099E-3	6.839936E+2	7.701296E-4	7.290000E+1
7.291124E-1	1.189346E-3	6.130364E+2	8.671669E-4	7.300000E+1
7.290530E-1	1.189308E-3	6.130061E+2	8.670686E-4	7.310000E+1
7.291124E-1	1.187321E-3	6.140820E+2	8.656905E-4	7.320000E+1
7.291633E-1	1.187043E-3	6.142686E+2	8.655482E-4	7.330000E+1
7.290699E-1	1.190379E-3	6.124687E+2	8.678695E-4	7.340000E+1
7.357757E-1	1.495343E-3	4.920448E+2	1.100237E-3	7.350000E+1
7.357756E-1	1.497385E-3	4.913737E+2	1.101739E-3	7.360000E+1
7.357673E-1	1.499008E-3	4.908361E+2	1.102921E-3	7.360000E+1
7.357335E-1	1.498733E-3	4.909036E+2	1.102668E-3	7.380000E+1
7.357249E-1	1.497390E-3	4.913382E+2	1.101667E-3	7.390000E+1
7.424392E-1	1.884494E-3	3.939727E+2	1.399122E-3	7.400000E+1
7.424222E-1	1.886946E-3	3.934517E+2	1.400911E-3	7.410000E+1
7.423803E-1	1.885466E-3	3.937384E+2	1.399733E-3	7.410000E+1
7.423967E-1	1.886389E-3	3.935544E+2	1.400449E-3	7.420000E+1
7.423373E-1	1.884175E-3	3.939853E+2	1.398693E-3	7.440000E+1
7.457498E-1	2.110811E-3	3.533001E+2	1.574137E-3	7.450000E+1
7.457581E-1	2.111324E-3	3.532182E+2	1.574537E-3	7.460000E+1
7.456652E-1	2.114649E-3	3.526189E+2	1.576820E-3	7.460000E+1
7.457668E-1	2.116732E-3	3.523199E+2	1.578588E-3	7.470000E+1
7.456906E-1	2.115667E-3	3.524612E+2	1.577633E-3	7.480000E+1
7.524047E-1	2.652692E-3	2.836382E+2	1.995898E-3	7.500000E+1
7.524894E-1	2.654303E-3	2.834979E+2	1.997335E-3	7.510000E+1
7.524300E-1	2.654884E-3	2.834135E+2	1.997614E-3	7.520000E+1
7.524301E-1	2.653771E-3	2.835324E+2	1.996777E-3	7.520000E+1
7.524218E-1	2.658758E-3	2.829975E+2	2.000507E-3	7.530000E+1
7.559521E-1	2.987807E-3	2.530124E+2	2.258639E-3	7.550000E+1
7.558419E-1	2.992178E-3	2.526059E+2	2.261614E-3	7.560000E+1
7.558928E-1	2.991908E-3	2.526457E+2	2.261562E-3	7.570000E+1
7.558671E-1	2.993413E-3	2.525101E+2	2.262622E-3	7.570000E+1
7.559179E-1	2.995656E-3	2.523380E+2	2.264470E-3	7.580000E+1
7.626996E-1	3.753485E-3	2.031977E+2	2.862782E-3	7.600000E+1
7.626994E-1	3.763362E-3	2.026644E+2	2.870314E-3	7.610000E+1
7.626485E-1	3.768052E-3	2.023986E+2	2.873699E-3	7.610000E+1
7.627081E-1	3.764625E-3	2.025987E+2	2.871310E-3	7.620000E+1
7.626739E-1	3.770850E-3	2.022552E+2	2.875929E-3	7.630000E+1
7.660778E-1	4.220581E-3	1.815100E+2	3.233293E-3	7.640000E+1
7.661117E-1	4.219913E-3	1.815468E+2	3.232925E-3	7.660000E+1
7.660607E-1	4.220660E-3	1.815026E+2	3.233282E-3	7.670000E+1
7.661536E-1	4.227966E-3	1.812109E+2	3.239271E-3	7.670000E+1
7.661201E-1	4.224863E-3	1.813361E+2	3.236752E-3	7.680000E+1
7.728848E-1	5.263921E-3	1.468268E+2	4.068405E-3	7.690000E+1
7.729272E-1	5.260572E-3	1.469284E+2	4.066039E-3	7.710000E+1
7.728844E-1	5.260326E-3	1.469271E+2	4.065624E-3	7.710000E+1
7.729353E-1	5.268604E-3	1.467059E+2	4.072290E-3	7.720000E+1
7.728593E-1	5.265798E-3	1.467696E+2	4.069721E-3	7.730000E+1
7.763135E-1	5.868061E-3	1.322947E+2	4.555455E-3	7.740000E+1
7.763045E-1	5.873982E-3	1.321598E+2	4.559999E-3	7.750000E+1
7.763727E-1	5.877160E-3	1.321000E+2	4.562867E-3	7.770000E+1
7.763472E-1	5.886476E-3	1.318866E+2	4.569949E-3	7.770000E+1
7.763048E-1	5.882719E-3	1.319636E+2	4.566783E-3	7.780000E+1
7.832472E-1	7.279880E-3	1.075907E+2	5.701946E-3	7.790000E+1
7.831036E-1	7.278574E-3	1.075903E+2	5.699878E-3	7.800000E+1
7.831969E-1	7.293495E-3	1.073829E+2	5.712243E-3	7.810000E+1
7.831460E-1	7.306780E-3	1.071807E+2	5.722276E-3	7.820000E+1
7.831967E-1	7.308063E-3	1.071688E+2	5.723651E-3	7.830000E+1
7.865658E-1	8.117413E-3	9.689858E+1	6.384879E-3	7.840000E+1
7.866932E-1	8.119534E-3	9.688896E+1	6.387582E-3	7.850000E+1
7.866083E-1	8.128104E-3	9.677636E+1	6.393634E-3	7.860000E+1
7.866087E-1	8.137812E-3	9.666096E+1	6.401274E-3	7.870000E+1
7.866085E-1	8.147049E-3	9.655134E+1	6.408538E-3	7.880000E+1
7.935165E-1	9.987176E-3	7.945354E+1	7.924989E-3	7.890000E+1
7.935672E-1	1.000012E-2	7.935577E+1	7.935767E-3	7.900000E+1
7.935163E-1	1.000468E-2	7.931451E+1	7.938877E-3	7.910000E+1
7.935504E-1	1.001903E-2	7.920431E+1	7.950605E-3	7.920000E+1
7.936012E-1	1.002220E-2	7.918433E+1	7.953630E-3	7.930000E+1
7.952731E-1	1.075905E-2	7.391667E+1	8.556383E-3	7.950000E+1
7.952818E-1	1.077226E-2	7.382683E+1	8.566982E-3	7.960000E+1
7.952986E-1	1.078918E-2	7.371261E+1	8.580620E-3	7.970000E+1
7.952141E-1	1.080005E-2	7.363059E+1	8.588352E-3	7.980000E+1
7.952230E-1	1.080126E-2	7.362317E+1	8.589410E-3	7.990000E+1
8.018941E-1	1.307956E-2	6.130895E+1	1.048842E-2	8.000000E+1
8.018860E-1	1.309030E-2	6.125803E+1	1.049693E-2	8.010000E+1
8.019279E-1	1.311683E-2	6.113733E+1	1.051875E-2	8.020000E+1
8.018941E-1	1.312410E-2	6.110088E+1	1.052414E-2	8.030000E+1
8.018862E-1	1.314850E-2	6.098690E+1	1.054360E-2	8.040000E+1
8.052556E-1	1.441708E-2	5.585428E+1	1.160943E-2	8.050000E+1
8.052557E-1	1.444262E-2	5.575551E+1	1.163000E-2	8.060000E+1
8.052725E-1	1.446273E-2	5.567915E+1	1.164644E-2	8.070000E+1
8.052303E-1	1.448286E-2	5.559885E+1	1.166204E-2	8.080000E+1
8.051623E-1	1.449735E-2	5.553858E+1	1.167272E-2	8.090000E+1
8.118432E-1	1.732214E-2	4.686737E+1	1.406286E-2	8.100000E+1
8.119107E-1	1.737034E-2	4.674121E+1	1.410316E-2	8.110000E+1
8.117918E-1	1.738892E-2	4.668443E+1	1.411618E-2	8.120000E+1
8.119784E-1	1.743195E-2	4.657989E+1	1.415437E-2	8.130000E+1
8.119022E-1	1.744833E-2	4.653180E+1	1.416634E-2	8.140000E+1
8.152550E-1	1.903622E-2	4.282652E+1	1.551937E-2	8.150000E+1
8.152210E-1	1.908948E-2	4.270525E+1	1.556214E-2	8.160000E+1
8.152716E-1	1.911770E-2	4.264486E+1	1.558612E-2	8.170000E+1
8.152719E-1	1.915648E-2	4.255854E+1	1.561774E-2	8.180000E+1
8.151875E-1	1.917080E-2	4.252235E+1	1.562780E-2	8.190000E+1
8.218760E-1	2.262018E-2	3.633375E+1	1.859098E-2	8.200000E+1
8.219270E-1	2.268798E-2	3.622742E+1	1.864786E-2	8.210000E+1
8.219186E-1	2.271921E-2	3.617725E+1	1.867334E-2	8.220000E+1
8.217998E-1	2.278012E-2	3.607531E+1	1.872070E-2	8.230000E+1
8.218932E-1	2.279648E-2	3.605351E+1	1.873627E-2	8.240000E+1
8.251697E-1	2.472087E-2	3.337948E+1	2.039891E-2	8.250000E+1
8.251953E-1	2.476239E-2	3.332454E+1	2.043381E-2	8.260000E+1
8.252038E-1	2.479702E-2	3.327835E+1	2.046260E-2	8.270000E+1
8.252121E-1	2.484396E-2	3.321580E+1	2.050154E-2	8.280000E+1
8.251867E-1	2.487906E-2	3.316792E+1	2.052987E-2	8.290000E+1
8.318075E-1	2.898384E-2	2.869901E+1	2.410898E-2	8.300000E+1
8.318328E-1	2.904122E-2	2.864318E+1	2.415744E-2	8.310000E+1
8.318329E-1	2.914707E-2	2.853916E+1	2.424549E-2	8.320000E+1
8.318585E-1	2.916961E-2	2.851798E+1	2.426499E-2	8.330000E+1
8.318586E-1	2.922335E-2	2.846555E+1	2.430970E-2	8.340000E+1
8.352621E-1	3.149567E-2	2.651990E+1	2.630714E-2	8.350000E+1
8.351690E-1	3.150763E-2	2.650688E+1	2.631420E-2	8.360000E+1
8.352281E-1	3.162353E-2	2.641160E+1	2.641286E-2	8.370000E+1
8.351774E-1	3.171604E-2	2.633297E+1	2.648852E-2	8.380000E+1
8.351945E-1	3.173957E-2	2.631398E+1	2.650871E-2	8.390000E+1
8.419001E-1	3.647092E-2	2.308415E+1	3.070487E-2	8.400000E+1
8.418999E-1	3.660497E-2	2.299961E+1	3.081772E-2	8.410000E+1
8.419251E-1	3.669131E-2	2.294617E+1	3.089133E-2	8.420000E+1
8.418825E-1	3.677529E-2	2.289261E+1	3.096047E-2	8.430000E+1
8.418744E-1	3.684547E-2	2.284879E+1	3.101926E-2	8.440000E+1
8.452951E-1	3.940894E-2	2.144932E+1	3.331218E-2	8.450000E+1
8.452274E-1	3.948722E-2	2.140509E+1	3.337568E-2	8.460000E+1
8.452526E-1	3.957862E-2	2.135629E+1	3.345393E-2	8.470000E+1
8.452951E-1	3.968368E-2	2.130082E+1	3.354442E-2	8.480000E+1
8.452021E-1	3.972698E-2	2.127527E+1	3.357733E-2	8.490000E+1
8.518905E-1	4.512016E-2	1.888048E+1	3.843744E-2	8.500000E+1
8.519670E-1	4.531768E-2	1.879988E+1	3.860917E-2	8.510000E+1
8.519586E-1	4.540172E-2	1.876490E+1	3.868039E-2	8.520000E+1
8.518654E-1	4.552100E-2	1.871368E+1	3.877776E-2	8.530000E+1
8.519670E-1	4.563171E-2	1.867050E+1	3.887671E-2	8.540000E+1
8.552861E-1	4.851947E-2	1.762769E+1	4.149803E-2	8.550000E+1
8.553198E-1	4.868555E-2	1.756825E+1	4.164171E-2	8.560000E+1
8.552776E-1	4.879323E-2	1.752861E+1	4.173176E-2	8.570000E+1
8.553281E-1	4.889451E-2	1.749334E+1	4.182085E-2	8.580000E+1
8.553367E-1	4.898120E-2	1.746255E+1	4.189542E-2	8.590000E+1
8.620926E-1	5.503257E-2	1.566513E+1	4.744317E-2	8.600000E+1
8.620673E-1	5.521317E-2	1.561344E+1	4.759747E-2	8.610000E+1
8.620678E-1	5.529969E-2	1.558902E+1	4.767208E-2	8.610000E+1
8.620165E-1	5.544765E-2	1.554649E+1	4.779679E-2	8.630000E+1
8.620588E-1	5.561074E-2	1.550166E+1	4.793973E-2	8.640000E+1
8.654966E-1	5.880274E-2	1.471864E+1	5.089357E-2	8.650000E+1
8.653862E-1	5.899370E-2	1.466913E+1	5.105233E-2	8.660000E+1
8.653439E-1	5.915507E-2	1.462840E+1	5.118948E-2	8.670000E+1
8.654711E-1	5.929978E-2	1.459485E+1	5.132225E-2	8.670000E+1
8.654879E-1	5.944064E-2	1.456054E+1	5.144515E-2	8.690000E+1
8.721680E-1	6.590550E-2	1.323361E+1	5.748067E-2	8.700000E+1
8.721172E-1	6.620366E-2	1.317325E+1	5.773735E-2	8.710000E+1
8.722443E-1	6.643302E-2	1.312968E+1	5.794582E-2	8.710000E+1
8.722103E-1	6.659254E-2	1.309772E+1	5.808270E-2	8.720000E+1
8.722187E-1	6.668430E-2	1.307982E+1	5.816329E-2	8.740000E+1
8.755630E-1	7.023075E-2	1.246695E+1	6.149145E-2	8.750000E+1
8.755460E-1	7.050663E-2	1.241792E+1	6.173180E-2	8.760000E+1
8.755804E-1	7.064752E-2	1.239365E+1	6.185758E-2	8.760000E+1
8.756818E-1	7.081027E-2	1.236659E+1	6.200726E-2	8.770000E+1
8.755632E-1	7.095732E-2	1.233929E+1	6.212762E-2	8.780000E+1
8.823535E-1	7.801137E-2	1.131058E+1	6.883361E-2	8.800000E+1
8.823445E-1	7.828695E-2	1.127065E+1	6.907606E-2	8.810000E+1
8.823029E-1	7.850238E-2	1.123919E+1	6.926288E-2	8.820000E+1
8.823024E-1	7.872768E-2	1.120702E+1	6.946162E-2	8.820000E+1
8.823450E-1	7.900167E-2	1.116869E+1	6.970673E-2	8.830000E+1
8.856640E-1	8.276877E-2	1.070046E+1	7.330532E-2	8.840000E+1
8.856893E-1	8.300415E-2	1.067042E+1	7.351589E-2	8.860000E+1
8.856807E-1	8.320057E-2	1.064513E+1	7.368914E-2	8.860000E+1
8.856302E-1	8.337798E-2	1.062187E+1	7.384206E-2	8.870000E+1
8.856555E-1	8.354343E-2	1.060114E+1	7.399070E-2	8.880000E+1
8.924032E-1	9.103925E-2	9.802401E+0	8.124372E-2	8.890000E+1
8.924456E-1	9.144117E-2	9.759779E+0	8.160627E-2	8.900000E+1
8.924029E-1	9.167834E-2	9.734065E+0	8.181402E-2	8.920000E+1
8.924454E-1	9.201195E-2	9.699234E+0	8.211564E-2	8.920000E+1
8.924708E-1	9.221836E-2	9.677800E+0	8.230219E-2	8.930000E+1
8.957982E-1	9.617391E-2	9.314358E+0	8.615242E-2	8.940000E+1
8.957386E-1	9.653918E-2	9.278498E+0	8.647387E-2	8.950000E+1
8.958655E-1	9.676962E-2	9.257714E+0	8.669256E-2	8.970000E+1
8.957642E-1	9.701266E-2	9.233477E+0	8.690047E-2	8.970000E+1
8.958236E-1	9.731031E-2	9.205845E+0	8.717287E-2	8.980000E+1
9.023607E-1	1.050042E-1	8.593568E+0	9.475166E-2	8.990000E+1
9.020056E-1	1.050051E-1	8.590112E+0	9.471519E-2	9.000000E+1
9.017099E-1	1.050051E-1	8.587296E+0	9.468414E-2	9.010000E+1
9.014904E-1	1.050051E-1	8.585206E+0	9.466109E-2	9.020000E+1
9.013214E-1	1.050051E-1	8.583596E+0	9.464334E-2	9.030000E+1
9.010594E-1	1.050051E-1	8.581101E+0	9.461583E-2	9.040000E+1
9.008314E-1	1.050050E-1	8.578938E+0	9.459180E-2	9.050000E+1
9.006544E-1	1.050051E-1	8.577244E+0	9.457331E-2	9.060000E+1
9.003920E-1	1.050050E-1	8.574754E+0	9.454566E-2	9.070000E+1
9.002913E-1	1.050051E-1	8.573786E+0	9.453518E-2	9.080000E+1
9.001055E-1	1.050051E-1	8.572017E+0	9.451567E-2	9.090000E+1
8.998437E-1	1.050051E-1	8.569524E+0	9.448818E-2	9.100000E+1
8.996834E-1	1.050051E-1	8.567997E+0	9.447135E-2	9.110000E+1
8.994805E-1	1.050051E-1	8.566065E+0	9.445004E-2	9.120000E+1
8.992355E-1	1.050051E-1	8.563732E+0	9.442431E-2	9.130000E+1
8.989989E-1	1.050051E-1	8.561478E+0	9.439947E-2	9.140000E+1
8.988471E-1	1.050051E-1	8.560033E+0	9.438353E-2	9.150000E+1
8.986357E-1	1.050051E-1	8.558020E+0	9.436133E-2	9.160000E+1
8.985012E-1	1.050051E-1	8.556739E+0	9.434721E-2	9.170000E+1
8.983654E-1	1.050051E-1	8.555445E+0	9.433295E-2	9.180000E+1
8.982390E-1	1.050051E-1	8.554242E+0	9.431968E-2	9.190000E+1
8.980532E-1	1.050051E-1	8.552472E+0	9.430017E-2	9.200000E+1
8.979858E-1	1.050051E-1	8.551830E+0	9.429309E-2	9.210000E+1
8.976985E-1	1.050051E-1	8.549094E+0	9.426292E-2	9.220000E+1
8.975465E-1	1.050051E-1	8.547647E+0	9.424696E-2	9.230000E+1
8.974281E-1	1.050051E-1	8.546519E+0	9.423453E-2	9.240000E+1
8.972337E-1	1.050051E-1	8.544668E+0	9.421411E-2	9.250000E+1
8.970819E-1	1.050051E-1	8.543222E+0	9.419817E-2	9.260000E+1
8.968878E-1	1.050051E-1	8.541374E+0	9.417779E-2	9.270000E+1
8.968120E-1	1.050052E-1	8.540644E+0	9.416992E-2	9.280000E+1
8.966005E-1	1.050051E-1	8.538638E+0	9.414763E-2	9.290000E+1
8.964486E-1	1.050051E-1	8.537191E+0	9.413167E-2	9.300000E+1
8.963304E-1	1.050051E-1	8.536065E+0	9.411926E-2	9.310000E+1
8.962119E-1	1.050051E-1	8.534937E+0	9.410682E-2	9.320000E+1
8.960010E-1	1.050051E-1	8.532928E+0	9.408467E-2	9.330000E+1
8.959507E-1	1.050051E-1	8.532449E+0	9.407939E-2	9.340000E+1
8.957815E-1	1.050051E-1	8.530838E+0	9.406163E-2	9.350000E+1
8.956714E-1	1.050051E-1	8.529790E+0	9.405006E-2	9.360000E+1
8.955449E-1	1.050051E-1	8.528585E+0	9.403678E-2	9.370000E+1
8.953593E-1	1.050051E-1	8.526817E+0	9.401729E-2	9.380000E+1
8.952495E-1	1.050051E-1	8.525772E+0	9.400576E-2	9.390000E+1
8.951485E-1	1.050052E-1	8.524802E+0	9.399525E-2	9.400000E+1
8.950045E-1	1.050051E-1	8.523438E+0	9.398004E-2	9.410000E+1
8.948777E-1	1.050051E-1	8.522231E+0	9.396672E-2	9.420000E+1
8.947511E-1	1.050052E-1	8.521017E+0	9.395352E-2	9.430000E+1
8.946667E-1	1.050052E-1	8.520213E+0	9.394466E-2	9.440000E+1
8.945313E-1	1.050051E-1	8.518932E+0	9.393035E-2	9.450000E+1
8.943707E-1	1.050051E-1	8.517402E+0	9.391348E-2	9.460000E+1
8.943541E-1	1.050052E-1	8.517236E+0	9.391183E-2	9.470000E+1
8.941764E-1	1.050051E-1	8.515552E+0	9.389308E-2	9.480000E+1
8.940924E-1	1.050052E-1	8.514744E+0	9.388435E-2	9.490000E+1
8.939654E-1	1.050051E-1	8.513543E+0	9.387093E-2	9.500000E+1
8.938388E-1	1.050051E-1	8.512337E+0	9.385763E-2	9.510000E+1
8.938476E-1	1.050052E-1	8.512413E+0	9.385865E-2	9.520000E+1
8.937547E-1	1.050052E-1	8.511528E+0	9.384889E-2	9.530000E+1
8.936614E-1	1.050051E-1	8.510648E+0	9.383900E-2	9.540000E+1
8.935690E-1	1.050052E-1	8.509760E+0	9.382939E-2	9.550000E+1
8.934336E-1	1.050051E-1	8.508478E+0	9.381508E-2	9.560000E+1
8.933150E-1	1.050051E-1	8.507349E+0	9.380263E-2	9.570000E+1
8.932223E-1	1.050051E-1	8.506466E+0	9.379290E-2	9.580000E+1
8.931295E-1	1.050051E-1	8.505582E+0	9.378315E-2	9.590000E+1
8.929686E-1	1.050050E-1	8.504058E+0	9.376617E-2	9.600000E+1
8.930283E-1	1.050052E-1	8.504610E+0	9.377262E-2	9.610000E+1
8.929270E-1	1.050051E-1	8.503654E+0	9.376189E-2	9.620000E+1
8.928251E-1	1.050051E-1	8.502683E+0	9.375119E-2	9.630000E+1
8.927492E-1	1.050051E-1	8.501960E+0	9.374322E-2	9.640000E+1
8.926395E-1	1.050051E-1	8.500916E+0	9.373170E-2	9.650000E+1
8.925889E-1	1.050051E-1	8.500434E+0	9.372639E-2	9.660000E+1
8.924794E-1	1.050052E-1	8.499383E+0	9.371498E-2	9.670000E+1
8.924118E-1	1.050051E-1	8.498747E+0	9.370779E-2	9.680000E+1
8.923020E-1	1.050051E-1	8.497702E+0	9.369626E-2	9.690000E+1
8.923020E-1	1.050051E-1	8.497702E+0	9.369626E-2	9.700000E+1
8.921754E-1	1.050051E-1	8.496496E+0	9.368297E-2	9.710000E+1
8.920655E-1	1.050051E-1	8.495449E+0	9.367143E-2	9.720000E+1
8.919896E-1	1.050052E-1	8.494718E+0	9.366355E-2	9.730000E+1
8.918626E-1	1.050051E-1	8.493517E+0	9.365012E-2	9.740000E+1
8.917945E-1	1.050050E-1	8.492877E+0	9.364288E-2	9.750000E+1
8.917444E-1	1.050052E-1	8.492383E+0	9.363780E-2	9.760000E+1
8.916436E-1	1.050052E-1	8.491423E+0	9.362721E-2	9.770000E+1
8.916005E-1	1.050051E-1	8.491021E+0	9.362260E-2	9.780000E+1
8.915246E-1	1.050051E-1	8.490298E+0	9.361463E-2	9.790000E+1
8.914827E-1	1.050051E-1	8.489899E+0	9.361023E-2	9.800000E+1
8.913986E-1	1.050052E-1	8.489090E+0	9.360149E-2	9.810000E+1
8.913307E-1	1.050052E-1	8.488443E+0	9.359436E-2	9.820000E+1
8.912628E-1	1.050051E-1	8.487805E+0	9.358714E-2	9.830000E+1
8.912036E-1	1.050050E-1	8.487249E+0	9.358083E-2	9.840000E+1
8.911110E-1	1.050051E-1	8.486359E+0	9.357120E-2	9.850000E+1
8.909839E-1	1.050051E-1	8.485149E+0	9.355785E-2	9.860000E+1
8.909758E-1	1.050051E-1	8.485072E+0	9.355700E-2	9.870000E+1
8.909502E-1	1.050051E-1	8.484828E+0	9.355431E-2	9.880000E+1
8.908238E-1	1.050052E-1	8.483616E+0	9.354113E-2	9.890000E+1
8.907558E-1	1.050051E-1	8.482977E+0	9.353390E-2	9.900000E+1
8.907053E-1	1.050051E-1	8.482496E+0	9.352860E-2	9.910000E+1
8.905867E-1	1.050050E-1	8.481374E+0	9.351606E-2	9.920000E+1
8.905873E-1	1.050051E-1	8.481372E+0	9.351621E-2	9.930000E+1
8.905451E-1	1.050051E-1	8.480970E+0	9.351178E-2	9.940000E+1
8.904859E-1	1.050051E-1	8.480406E+0	9.350556E-2	9.950000E+1
8.904438E-1	1.050051E-1	8.480005E+0	9.350114E-2	9.960000E+1
8.903173E-1	1.050052E-1	8.478792E+0	9.348795E-2	9.970000E+1
8.903765E-1	1.050052E-1	8.479356E+0	9.349416E-2	9.980000E+1
8.901986E-1	1.050051E-1	8.477670E+0	9.347539E-2	9.990000E+1
8.901994E-1	1.050051E-1	8.477678E+0	9.347548E-2	1.000000E+2
8.901818E-1	1.050051E-1	8.477510E+0	9.347363E-2	1.001000E+2
