Voltage (V)	Current (A)	Resistance (Ohm)	Power (W)	Time(s)
4.726410E-3	2.080691E-11	2.271558E+8	9.834199E-14	0.000000E+0
1.128894E-2	1.032108E-10	1.093775E+8	1.165141E-12	1.000000E-1
2.128051E-2	1.290176E-10	1.649427E+8	2.745560E-12	2.000000E-1
3.125465E-2	1.021130E-10	3.060790E+8	3.191506E-12	2.000000E-1
4.111883E-2	4.298120E-11	9.566701E+8	1.767337E-12	4.000000E-1
5.092392E-2	5.092204E-11	1.000037E+9	2.593150E-12	5.000000E-1
6.088098E-2	1.045202E-10	5.824805E+8	6.363292E-12	6.000000E-1
7.103232E-2	1.202324E-10	5.907918E+8	8.540386E-12	6.000000E-1
8.087116E-2	9.721327E-11	8.318942E+8	7.861750E-12	7.000000E-1
9.075226E-2	4.716275E-11	1.924236E+9	4.280126E-12	8.000000E-1
1.006080E-1	-2.823022E-11	-3.563840E+9	-2.840186E-12	1.000000E+0
1.103877E-1	-2.911713E-11	-3.791160E+9	-3.214173E-12	1.100000E+0
1.206151E-1	1.673495E-12	7.207377E+10	2.018488E-13	1.200000E+0
1.306397E-1	3.977121E-11	3.284781E+9	5.195699E-12	1.200000E+0
1.404701E-1	6.361855E-12	2.208005E+10	8.936504E-13	1.300000E+0
1.504104E-1	7.601064E-11	1.978807E+9	1.143279E-11	1.400000E+0
1.602746E-1	9.248299E-11	1.733017E+9	1.482267E-11	1.600000E+0
1.701640E-1	9.755119E-11	1.744356E+9	1.659970E-11	1.600000E+0
1.801043E-1	1.136436E-10	1.584817E+9	2.046770E-11	1.700000E+0
1.899937E-1	8.276835E-11	2.295487E+9	1.572547E-11	1.800000E+0
1.998326E-1	8.306403E-11	2.405766E+9	1.659890E-11	1.900000E+0
2.097812E-1	6.832324E-11	3.070422E+9	1.433293E-11	2.100000E+0
2.196539E-1	1.058720E-10	2.074712E+9	2.325520E-11	2.100000E+0
2.295857E-1	8.906173E-11	2.577827E+9	2.044730E-11	2.200000E+0
2.394836E-1	9.835385E-11	2.434918E+9	2.355413E-11	2.300000E+0
2.493224E-1	9.924064E-11	2.512301E+9	2.474291E-11	2.400000E+0
2.592626E-1	1.032955E-10	2.509912E+9	2.678066E-11	2.500000E+0
2.691269E-1	9.902962E-11	2.717640E+9	2.665153E-11	2.700000E+0
2.791346E-1	9.176482E-11	3.041848E+9	2.561474E-11	2.700000E+0
2.891170E-1	9.383444E-11	3.081140E+9	2.712913E-11	2.800000E+0
2.989643E-1	1.074770E-10	2.781658E+9	3.213179E-11	2.900000E+0
3.088792E-1	1.130100E-10	2.733202E+9	3.490644E-11	3.000000E+0
3.188616E-1	1.187120E-10	2.686010E+9	3.785270E-11	3.200000E+0
3.287679E-1	1.038866E-10	3.164681E+9	3.415458E-11	3.200000E+0
3.421370E-1	9.772019E-11	3.501190E+9	3.343369E-11	3.300000E+0
3.520775E-1	1.033803E-10	3.405654E+9	3.639788E-11	3.400000E+0
3.619075E-1	1.105179E-10	3.274651E+9	3.999726E-11	3.500000E+0
3.718393E-1	1.055762E-10	3.521999E+9	3.925738E-11	3.600000E+0
3.817627E-1	1.070545E-10	3.566059E+9	4.086941E-11	3.700000E+0
3.917031E-1	7.356096E-11	5.324877E+9	2.881406E-11	3.800000E+0
4.015586E-1	5.556783E-11	7.226458E+9	2.231374E-11	3.900000E+0
4.114652E-1	4.146083E-11	9.924191E+9	1.705969E-11	4.000000E+0
4.212701E-1	1.537686E-10	2.739637E+9	6.477811E-11	4.100000E+0
4.312356E-1	1.076458E-10	4.006061E+9	4.642070E-11	4.200000E+0
4.412435E-1	-9.099405E-11	-4.849147E+9	-4.015053E-11	4.300000E+0
4.511077E-1	5.420101E-10	8.322865E+8	2.445049E-10	4.400000E+0
4.610227E-1	8.462703E-11	5.447700E+9	3.901498E-11	4.500000E+0
4.710133E-1	3.314590E-10	1.421030E+9	1.561216E-10	4.600000E+0
4.808774E-1	9.522816E-11	5.049739E+9	4.579307E-11	4.700000E+0
4.906988E-1	1.500088E-10	3.271133E+9	7.360914E-11	4.800000E+0
5.007073E-1	1.086596E-10	4.608036E+9	5.440665E-11	4.900000E+0
5.105122E-1	6.012926E-11	8.490246E+9	3.069672E-11	5.000000E+0
5.204356E-1	7.410980E-11	7.022494E+9	3.856938E-11	5.100000E+0
5.303589E-1	5.696155E-11	9.310823E+9	3.021007E-11	5.200000E+0
5.402483E-1	6.925252E-11	7.801136E+9	3.741356E-11	5.300000E+0
5.504419E-1	8.167014E-11	6.739818E+9	4.495467E-11	5.400000E+0
5.603229E-1	7.639051E-11	7.334980E+9	4.280335E-11	5.500000E+0
5.703477E-1	8.424669E-11	6.769972E+9	4.804991E-11	5.600000E+0
5.802374E-1	1.097578E-10	5.286525E+9	6.368558E-11	5.700000E+0
5.900676E-1	1.072657E-10	5.500991E+9	6.329401E-11	5.800000E+0
6.000248E-1	7.833351E-11	7.659874E+9	4.700205E-11	5.900000E+0
6.098805E-1	1.432938E-10	4.256154E+9	8.739209E-11	6.000000E+0
6.197358E-1	1.395766E-10	4.440112E+9	8.650062E-11	6.100000E+0
6.296763E-1	1.076880E-10	5.847228E+9	6.780858E-11	6.200000E+0
6.395743E-1	1.365781E-10	4.682847E+9	8.735184E-11	6.300000E+0
6.494638E-1	1.628495E-10	3.988123E+9	1.057649E-10	6.400000E+0
6.594886E-1	1.473063E-10	4.476988E+9	9.714683E-11	6.500000E+0
6.693524E-1	1.532615E-10	4.367388E+9	1.025860E-10	6.600000E+0
6.792930E-1	1.501785E-10	4.523237E+9	1.020152E-10	6.700000E+0
6.891741E-1	1.145306E-10	6.017380E+9	7.893152E-11	6.800000E+0
6.990803E-1	1.590058E-10	4.396571E+9	1.111578E-10	6.900000E+0
7.089952E-1	1.982017E-10	3.577140E+9	1.405241E-10	7.000000E+0
7.188848E-1	1.633563E-10	4.400717E+9	1.174344E-10	7.100000E+0
7.288504E-1	1.252164E-10	5.820726E+9	9.126402E-11	7.200000E+0
7.419914E-1	1.368316E-10	5.422661E+9	1.015279E-10	7.300000E+0
7.518893E-1	1.646657E-10	4.566156E+9	1.238104E-10	7.400000E+0
7.619052E-1	2.045792E-10	3.724255E+9	1.558700E-10	7.500000E+0
7.718205E-1	2.044529E-10	3.775053E+9	1.578009E-10	7.600000E+0
7.817014E-1	1.857841E-10	4.207580E+9	1.452277E-10	7.700000E+0
7.916583E-1	1.697340E-10	4.664111E+9	1.343713E-10	7.800000E+0
8.015396E-1	1.413931E-10	5.668874E+9	1.133322E-10	7.900000E+0
8.115134E-1	1.808423E-10	4.487409E+9	1.467559E-10	8.000000E+0
8.213609E-1	1.860798E-10	4.414025E+9	1.528387E-10	8.100000E+0
8.312253E-1	1.991311E-10	4.174262E+9	1.655228E-10	8.200000E+0
8.411313E-1	1.961742E-10	4.287675E+9	1.650083E-10	8.300000E+0
8.509952E-1	2.175881E-10	3.911037E+9	1.851664E-10	8.400000E+0
8.609865E-1	2.104504E-10	4.091161E+9	1.811950E-10	8.500000E+0
8.709098E-1	2.156878E-10	4.037826E+9	1.878446E-10	8.600000E+0
8.808337E-1	1.854465E-10	4.749800E+9	1.633475E-10	8.700000E+0
8.906803E-1	2.014961E-10	4.420335E+9	1.794686E-10	8.800000E+0
9.006121E-1	2.045795E-10	4.402260E+9	1.842468E-10	8.900000E+0
9.105015E-1	2.271761E-10	4.007911E+9	2.068442E-10	9.000000E+0
9.203400E-1	2.190664E-10	4.201192E+9	2.016156E-10	9.100000E+0
9.303060E-1	1.897543E-10	4.902687E+9	1.765296E-10	9.200000E+0
9.402295E-1	1.656372E-10	5.676439E+9	1.557370E-10	9.300000E+0
9.501189E-1	2.111262E-10	4.500242E+9	2.005950E-10	9.400000E+0
9.600168E-1	2.303017E-10	4.168518E+9	2.210935E-10	9.500000E+0
9.700755E-1	2.851253E-10	3.402278E+9	2.765931E-10	9.600000E+0
9.800836E-1	2.403122E-10	4.078376E+9	2.355260E-10	9.700000E+0
9.899810E-1	2.273029E-10	4.355338E+9	2.250256E-10	9.800000E+0
9.998279E-1	2.485055E-10	4.023363E+9	2.484627E-10	9.900000E+0
1.009989E+0	2.601213E-10	3.882762E+9	2.627197E-10	1.000000E+1
1.019785E+0	2.706379E-10	3.768079E+9	2.759925E-10	1.010000E+1
1.029683E+0	2.600790E-10	3.959116E+9	2.677989E-10	1.020000E+1
1.039589E+0	2.492662E-10	4.170598E+9	2.591344E-10	1.030000E+1
1.049496E+0	2.696667E-10	3.891826E+9	2.830141E-10	1.040000E+1
1.059453E+0	3.072154E-10	3.448567E+9	3.254803E-10	1.050000E+1
1.069291E+0	2.870258E-10	3.725418E+9	3.069141E-10	1.060000E+1
1.079307E+0	2.806479E-10	3.845769E+9	3.029052E-10	1.070000E+1
1.089197E+0	2.567843E-10	4.241681E+9	2.796887E-10	1.080000E+1
1.099078E+0	2.923477E-10	3.759489E+9	3.213129E-10	1.090000E+1
1.109035E+0	3.189568E-10	3.477070E+9	3.537343E-10	1.100000E+1
1.118950E+0	3.115231E-10	3.591868E+9	3.485788E-10	1.110000E+1
1.128840E+0	3.238564E-10	3.485619E+9	3.655821E-10	1.120000E+1
1.142065E+0	3.023156E-10	3.777724E+9	3.452641E-10	1.130000E+1
1.151921E+0	2.853365E-10	4.037062E+9	3.286851E-10	1.140000E+1
1.161827E+0	2.487591E-10	4.670490E+9	2.890150E-10	1.150000E+1
1.171827E+0	2.942062E-10	3.983013E+9	3.447588E-10	1.160000E+1
1.181767E+0	2.938259E-10	4.021997E+9	3.472338E-10	1.170000E+1
1.191758E+0	3.366545E-10	3.540003E+9	4.012107E-10	1.180000E+1
1.201630E+0	3.443834E-10	3.489222E+9	4.138214E-10	1.190000E+1
1.211613E+0	3.523664E-10	3.438503E+9	4.269317E-10	1.200000E+1
1.221520E+0	3.747946E-10	3.259172E+9	4.578191E-10	1.210000E+1
1.231392E+0	4.294062E-10	2.867662E+9	5.287674E-10	1.220000E+1
1.241315E+0	4.400503E-10	2.820848E+9	5.462410E-10	1.230000E+1
1.251197E+0	4.727838E-10	2.646446E+9	5.915457E-10	1.240000E+1
1.261111E+0	3.746252E-10	3.366327E+9	4.724440E-10	1.250000E+1
1.271026E+0	4.762894E-10	2.668600E+9	6.053762E-10	1.260000E+1
1.280924E+0	4.409369E-10	2.905005E+9	5.648067E-10	1.270000E+1
1.290754E+0	4.217610E-10	3.060392E+9	5.443897E-10	1.280000E+1
1.300686E+0	3.948141E-10	3.294426E+9	5.135292E-10	1.290000E+1
1.310482E+0	4.389516E-10	2.985482E+9	5.752382E-10	1.300000E+1
1.320473E+0	4.817373E-10	2.741064E+9	6.361211E-10	1.310000E+1
1.330337E+0	4.482014E-10	2.968168E+9	5.962589E-10	1.320000E+1
1.340379E+0	5.133733E-10	2.610925E+9	6.881148E-10	1.330000E+1
1.350286E+0	4.836810E-10	2.791687E+9	6.531077E-10	1.340000E+1
1.360116E+0	5.126133E-10	2.653298E+9	6.972136E-10	1.350000E+1
1.370065E+0	5.558213E-10	2.464938E+9	7.615113E-10	1.360000E+1
1.379886E+0	5.258328E-10	2.624192E+9	7.255893E-10	1.360000E+1
1.390115E+0	5.718719E-10	2.430815E+9	7.949677E-10	1.380000E+1
1.400062E+0	5.650711E-10	2.477674E+9	7.911346E-10	1.390000E+1
1.409884E+0	5.771085E-10	2.443014E+9	8.136560E-10	1.400000E+1
1.419842E+0	6.140660E-10	2.312198E+9	8.718767E-10	1.410000E+1
1.429773E+0	5.995786E-10	2.384630E+9	8.572613E-10	1.410000E+1
1.439595E+0	5.821348E-10	2.472958E+9	8.380383E-10	1.420000E+1
1.449578E+0	6.272016E-10	2.311184E+9	9.091776E-10	1.440000E+1
1.459434E+0	6.751829E-10	2.161539E+9	9.853849E-10	1.450000E+1
1.469357E+0	6.375499E-10	2.304693E+9	9.367884E-10	1.460000E+1
1.479340E+0	7.005678E-10	2.111630E+9	1.036378E-9	1.470000E+1
1.489195E+0	7.083388E-10	2.102377E+9	1.054855E-9	1.470000E+1
1.499119E+0	6.805894E-10	2.202678E+9	1.020285E-9	1.490000E+1
1.509101E+0	7.320338E-10	2.061518E+9	1.104713E-9	1.500000E+1
1.518940E+0	7.236286E-10	2.099060E+9	1.099148E-9	1.510000E+1
1.528863E+0	7.916718E-10	1.931183E+9	1.210358E-9	1.520000E+1
1.542122E+0	7.813664E-10	1.973622E+9	1.204962E-9	1.520000E+1
1.551961E+0	8.592512E-10	1.806178E+9	1.333524E-9	1.530000E+1
1.561919E+0	8.190419E-10	1.907007E+9	1.279277E-9	1.550000E+1
1.571841E+0	8.874228E-10	1.771243E+9	1.394888E-9	1.560000E+1
1.581629E+0	8.619540E-10	1.834934E+9	1.363291E-9	1.560000E+1
1.591528E+0	9.335879E-10	1.704744E+9	1.485831E-9	1.570000E+1
1.601611E+0	9.318563E-10	1.718732E+9	1.492471E-9	1.580000E+1
1.611627E+0	9.723191E-10	1.657508E+9	1.567016E-9	1.600000E+1
1.621442E+0	9.795421E-10	1.655306E+9	1.588271E-9	1.610000E+1
1.631330E+0	1.040447E-9	1.567913E+9	1.697312E-9	1.610000E+1
1.641220E+0	1.071491E-9	1.531716E+9	1.758552E-9	1.620000E+1
1.651228E+0	1.087330E-9	1.518608E+9	1.795430E-9	1.630000E+1
1.661066E+0	1.087583E-9	1.527300E+9	1.806547E-9	1.650000E+1
1.670965E+0	1.108703E-9	1.507135E+9	1.852604E-9	1.660000E+1
1.680888E+0	1.144814E-9	1.468263E+9	1.924304E-9	1.660000E+1
1.690743E+0	1.208422E-9	1.399133E+9	2.043131E-9	1.670000E+1
1.700675E+0	1.232118E-9	1.380286E+9	2.095432E-9	1.680000E+1
1.710683E+0	1.238031E-9	1.381777E+9	2.117879E-9	1.690000E+1
1.720530E+0	1.230766E-9	1.397934E+9	2.117570E-9	1.710000E+1
1.730462E+0	1.271272E-9	1.361205E+9	2.199888E-9	1.720000E+1
1.740352E+0	1.333572E-9	1.305030E+9	2.320885E-9	1.720000E+1
1.750250E+0	1.379525E-9	1.268734E+9	2.414514E-9	1.730000E+1
1.760174E+0	1.384129E-9	1.271683E+9	2.436308E-9	1.740000E+1
1.770011E+0	1.413652E-9	1.252084E+9	2.502180E-9	1.750000E+1
1.779953E+0	1.473756E-9	1.207766E+9	2.623216E-9	1.770000E+1
1.789782E+0	1.507037E-9	1.187616E+9	2.697268E-9	1.770000E+1
1.799714E+0	1.523806E-9	1.181065E+9	2.742415E-9	1.780000E+1
1.809637E+0	1.546107E-9	1.170447E+9	2.797892E-9	1.790000E+1
1.819890E+0	1.588808E-9	1.145444E+9	2.891456E-9	1.800000E+1
1.829864E+0	1.638395E-9	1.116864E+9	2.998040E-9	1.810000E+1
1.839712E+0	1.696977E-9	1.084111E+9	3.121949E-9	1.820000E+1
1.849685E+0	1.709732E-9	1.081857E+9	3.162466E-9	1.830000E+1
1.859609E+0	1.737229E-9	1.070446E+9	3.230567E-9	1.840000E+1
1.869456E+0	1.744324E-9	1.071737E+9	3.260937E-9	1.850000E+1
1.879431E+0	1.832136E-9	1.025814E+9	3.443373E-9	1.860000E+1
1.889387E+0	1.876273E-9	1.006989E+9	3.545006E-9	1.870000E+1
1.899234E+0	1.958254E-9	9.698609E+8	3.719183E-9	1.880000E+1
1.909176E+0	1.979966E-9	9.642469E+8	3.780104E-9	1.890000E+1
1.918945E+0	2.005643E-9	9.567730E+8	3.848719E-9	1.900000E+1
1.928979E+0	2.034281E-9	9.482363E+8	3.924085E-9	1.910000E+1
1.938894E+0	2.096876E-9	9.246584E+8	4.065620E-9	1.920000E+1
1.952086E+0	2.131341E-9	9.158957E+8	4.160561E-9	1.930000E+1
1.962060E+0	2.208340E-9	8.884773E+8	4.332896E-9	1.940000E+1
1.971856E+0	2.208592E-9	8.928113E+8	4.355025E-9	1.950000E+1
1.981805E+0	2.215942E-9	8.943397E+8	4.391565E-9	1.960000E+1
1.991703E+0	2.353465E-9	8.462854E+8	4.687403E-9	1.970000E+1
2.001602E+0	2.409938E-9	8.305616E+8	4.823737E-9	1.980000E+1
2.011508E+0	2.407318E-9	8.355805E+8	4.842339E-9	1.990000E+1
2.021371E+0	2.438572E-9	8.289159E+8	4.929259E-9	2.000000E+1
2.031464E+0	2.467547E-9	8.232727E+8	5.012733E-9	2.010000E+1
2.041405E+0	2.527102E-9	8.078048E+8	5.158839E-9	2.020000E+1
2.051293E+0	2.582811E-9	7.942095E+8	5.298102E-9	2.030000E+1
2.061208E+0	2.621669E-9	7.862198E+8	5.403805E-9	2.040000E+1
2.071157E+0	2.673199E-9	7.747859E+8	5.536615E-9	2.050000E+1
2.080996E+0	2.714760E-9	7.665488E+8	5.649405E-9	2.060000E+1
2.090902E+0	2.792686E-9	7.487064E+8	5.839233E-9	2.070000E+1
2.100800E+0	2.796910E-9	7.511146E+8	5.875749E-9	2.080000E+1
2.110656E+0	2.874120E-9	7.343660E+8	6.066279E-9	2.090000E+1
2.120578E+0	2.915129E-9	7.274388E+8	6.181758E-9	2.100000E+1
2.130553E+0	2.952046E-9	7.217208E+8	6.289490E-9	2.110000E+1
2.140450E+0	3.016541E-9	7.095710E+8	6.456755E-9	2.120000E+1
2.150374E+0	3.065705E-9	7.014289E+8	6.592412E-9	2.130000E+1
2.160255E+0	3.112039E-9	6.941606E+8	6.722798E-9	2.140000E+1
2.170213E+0	3.146885E-9	6.896385E+8	6.829411E-9	2.150000E+1
2.180102E+0	3.202764E-9	6.806939E+8	6.982352E-9	2.160000E+1
2.190025E+0	3.247408E-9	6.743917E+8	7.111905E-9	2.170000E+1
2.199831E+0	3.320352E-9	6.625295E+8	7.304213E-9	2.180000E+1
2.209703E+0	3.391098E-9	6.516187E+8	7.493319E-9	2.190000E+1
2.219660E+0	3.438403E-9	6.455497E+8	7.632086E-9	2.200000E+1
2.229532E+0	3.470250E-9	6.424701E+8	7.737033E-9	2.210000E+1
2.239785E+0	3.529297E-9	6.346264E+8	7.904866E-9	2.220000E+1
2.249692E+0	3.605493E-9	6.239624E+8	8.111249E-9	2.230000E+1
2.259674E+0	3.674888E-9	6.148960E+8	8.304049E-9	2.240000E+1
2.269512E+0	3.732919E-9	6.079725E+8	8.471904E-9	2.250000E+1
2.279487E+0	3.776130E-9	6.036569E+8	8.607639E-9	2.260000E+1
2.289240E+0	3.856715E-9	5.935725E+8	8.828946E-9	2.270000E+1
2.299266E+0	3.924339E-9	5.858989E+8	9.023099E-9	2.280000E+1
2.309139E+0	3.965351E-9	5.823290E+8	9.156547E-9	2.290000E+1
2.318985E+0	4.047837E-9	5.728949E+8	9.386873E-9	2.300000E+1
2.328968E+0	4.083022E-9	5.704030E+8	9.509228E-9	2.310000E+1
2.338833E+0	4.128259E-9	5.665422E+8	9.655308E-9	2.320000E+1
2.352100E+0	4.236468E-9	5.552031E+8	9.964596E-9	2.330000E+1
2.362014E+0	4.336146E-9	5.447266E+8	1.024204E-8	2.340000E+1
2.371972E+0	4.404909E-9	5.384838E+8	1.044832E-8	2.350000E+1
2.381786E+0	4.433589E-9	5.372140E+8	1.055986E-8	2.360000E+1
2.391776E+0	4.502815E-9	5.311735E+8	1.076972E-8	2.370000E+1
2.401624E+0	4.565410E-9	5.260478E+8	1.096440E-8	2.380000E+1
2.411496E+0	4.649123E-9	5.186991E+8	1.121134E-8	2.390000E+1
2.421438E+0	4.745046E-9	5.103086E+8	1.148983E-8	2.400000E+1
2.431291E+0	4.796274E-9	5.069124E+8	1.166114E-8	2.410000E+1
2.441249E+0	4.840075E-9	5.043825E+8	1.181583E-8	2.420000E+1
2.451299E+0	4.913231E-9	4.989179E+8	1.204380E-8	2.430000E+1
2.461223E+0	5.011430E-9	4.911219E+8	1.233425E-8	2.440000E+1
2.471129E+0	5.084332E-9	4.860283E+8	1.256404E-8	2.450000E+1
2.481018E+0	5.155965E-9	4.811937E+8	1.279204E-8	2.460000E+1
2.490934E+0	5.231994E-9	4.760965E+8	1.303255E-8	2.470000E+1
2.500849E+0	5.293280E-9	4.724573E+8	1.323769E-8	2.480000E+1
2.510704E+0	5.386326E-9	4.661255E+8	1.352347E-8	2.490000E+1
2.520627E+0	5.479416E-9	4.600175E+8	1.381156E-8	2.500000E+1
2.530534E+0	5.545771E-9	4.562998E+8	1.403376E-8	2.510000E+1
2.540339E+0	5.600931E-9	4.535566E+8	1.422826E-8	2.520000E+1
2.550329E+0	5.701833E-9	4.472823E+8	1.454155E-8	2.530000E+1
2.560270E+0	5.784787E-9	4.425867E+8	1.481062E-8	2.540000E+1
2.570142E+0	5.887718E-9	4.365260E+8	1.513227E-8	2.550000E+1
2.579997E+0	5.962054E-9	4.327363E+8	1.538208E-8	2.560000E+1
2.589912E+0	6.028155E-9	4.296359E+8	1.561239E-8	2.570000E+1
2.599886E+0	6.094635E-9	4.265860E+8	1.584536E-8	2.580000E+1
2.609777E+0	6.206355E-9	4.205008E+8	1.619720E-8	2.590000E+1
2.619607E+0	6.310467E-9	4.151209E+8	1.653094E-8	2.600000E+1
2.629547E+0	6.395533E-9	4.111537E+8	1.681735E-8	2.610000E+1
2.639436E+0	6.466279E-9	4.081847E+8	1.706733E-8	2.620000E+1
2.649385E+0	6.557174E-9	4.040437E+8	1.737248E-8	2.630000E+1
2.659115E+0	6.657574E-9	3.994120E+8	1.770325E-8	2.640000E+1
2.669054E+0	6.752180E-9	3.952877E+8	1.802193E-8	2.650000E+1
2.678921E+0	6.831506E-9	3.921421E+8	1.830106E-8	2.660000E+1
2.688816E+0	6.940894E-9	3.873876E+8	1.866279E-8	2.660000E+1
2.698790E+0	7.080022E-9	3.811838E+8	1.910749E-8	2.680000E+1
2.708688E+0	7.138562E-9	3.794445E+8	1.933614E-8	2.690000E+1
2.718611E+0	7.254629E-9	3.747416E+8	1.972251E-8	2.700000E+1
2.728577E+0	7.351183E-9	3.711752E+8	2.005827E-8	2.710000E+1
2.738417E+0	7.440391E-9	3.680475E+8	2.037489E-8	2.720000E+1
2.751659E+0	7.612168E-9	3.614816E+8	2.094609E-8	2.730000E+1
2.761590E+0	7.683884E-9	3.594003E+8	2.121974E-8	2.740000E+1
2.771504E+0	7.814688E-9	3.546532E+8	2.165844E-8	2.750000E+1
2.781445E+0	7.829093E-9	3.552704E+8	2.177619E-8	2.760000E+1
2.791326E+0	7.793823E-9	3.581459E+8	2.175510E-8	2.760000E+1
2.801291E+0	7.936289E-9	3.529724E+8	2.223185E-8	2.780000E+1
2.811190E+0	8.092695E-9	3.473738E+8	2.275010E-8	2.790000E+1
2.821054E+0	8.432154E-9	3.345591E+8	2.378756E-8	2.800000E+1
2.830910E+0	8.661034E-9	3.268559E+8	2.451861E-8	2.810000E+1
2.840917E+0	8.556961E-9	3.320007E+8	2.430962E-8	2.810000E+1
2.850730E+0	8.663648E-9	3.290450E+8	2.469772E-8	2.820000E+1
2.860671E+0	8.876481E-9	3.222753E+8	2.539269E-8	2.840000E+1
2.870823E+0	9.064649E-9	3.167054E+8	2.602300E-8	2.850000E+1
2.880729E+0	9.119726E-9	3.158789E+8	2.627146E-8	2.860000E+1
2.890644E+0	9.189501E-9	3.145594E+8	2.656358E-8	2.870000E+1
2.900542E+0	9.225827E-9	3.143937E+8	2.675990E-8	2.870000E+1
2.910363E+0	9.338974E-9	3.116363E+8	2.717980E-8	2.880000E+1
2.920338E+0	9.481484E-9	3.080043E+8	2.768914E-8	2.900000E+1
2.930237E+0	9.549574E-9	3.068448E+8	2.798252E-8	2.910000E+1
2.940175E+0	9.731904E-9	3.021171E+8	2.861350E-8	2.910000E+1
2.950051E+0	1.013135E-8	2.911804E+8	2.988800E-8	2.920000E+1
2.959895E+0	1.028487E-8	2.877912E+8	3.044214E-8	2.930000E+1
2.969878E+0	1.031338E-8	2.879636E+8	3.062948E-8	2.940000E+1
2.979819E+0	1.037813E-8	2.871248E+8	3.092495E-8	2.960000E+1
2.989716E+0	1.051929E-8	2.842127E+8	3.144969E-8	2.960000E+1
2.999604E+0	1.056819E-8	2.838333E+8	3.170038E-8	2.970000E+1
3.009565E+0	1.074674E-8	2.800445E+8	3.234301E-8	2.980000E+1
3.019520E+0	1.090064E-8	2.770039E+8	3.291470E-8	2.990000E+1
3.029385E+0	1.094778E-8	2.767123E+8	3.316504E-8	3.000000E+1
3.039326E+0	1.096519E-8	2.771795E+8	3.332679E-8	3.020000E+1
3.049093E+0	1.135831E-8	2.684460E+8	3.463254E-8	3.020000E+1
3.059138E+0	1.163776E-8	2.628631E+8	3.560151E-8	3.030000E+1
3.068993E+0	1.193485E-8	2.571455E+8	3.662797E-8	3.040000E+1
3.078848E+0	1.238336E-8	2.486278E+8	3.812648E-8	3.050000E+1
3.089101E+0	1.225505E-8	2.520676E+8	3.785709E-8	3.060000E+1
3.099101E+0	1.241462E-8	2.496332E+8	3.847416E-8	3.070000E+1
3.108958E+0	1.258332E-8	2.470698E+8	3.912101E-8	3.080000E+1
3.118905E+0	1.273296E-8	2.449474E+8	3.971289E-8	3.090000E+1
3.128775E+0	1.292010E-8	2.421634E+8	4.042409E-8	3.100000E+1
3.138794E+0	1.307369E-8	2.400848E+8	4.103562E-8	3.120000E+1
3.151919E+0	1.339600E-8	2.352881E+8	4.222311E-8	3.120000E+1
3.161782E+0	1.363079E-8	2.319588E+8	4.309759E-8	3.130000E+1
3.171723E+0	1.389469E-8	2.282687E+8	4.407011E-8	3.140000E+1
3.181654E+0	1.417704E-8	2.244230E+8	4.510644E-8	3.150000E+1
3.191510E+0	1.442933E-8	2.211821E+8	4.605135E-8	3.160000E+1
3.201442E+0	1.470526E-8	2.177073E+8	4.707804E-8	3.170000E+1
3.211322E+0	1.497329E-8	2.144700E+8	4.808406E-8	3.180000E+1
3.221280E+0	1.521620E-8	2.117007E+8	4.901564E-8	3.190000E+1
3.231230E+0	1.549340E-8	2.085553E+8	5.006274E-8	3.200000E+1
3.241135E+0	1.578682E-8	2.053064E+8	5.116721E-8	3.210000E+1
3.251006E+0	1.607410E-8	2.022512E+8	5.225700E-8	3.220000E+1
3.260864E+0	1.638485E-8	1.990170E+8	5.342877E-8	3.230000E+1
3.270796E+0	1.670353E-8	1.958147E+8	5.463384E-8	3.240000E+1
3.280728E+0	1.704531E-8	1.924710E+8	5.592103E-8	3.250000E+1
3.290607E+0	1.738991E-8	1.892251E+8	5.722336E-8	3.260000E+1
3.300667E+0	1.773229E-8	1.861388E+8	5.852838E-8	3.270000E+1
3.310582E+0	1.805756E-8	1.833350E+8	5.978103E-8	3.280000E+1
3.320386E+0	1.840491E-8	1.804076E+8	6.111141E-8	3.290000E+1
3.330360E+0	1.877444E-8	1.773880E+8	6.252564E-8	3.300000E+1
3.340225E+0	1.915901E-8	1.743423E+8	6.399540E-8	3.310000E+1
3.350080E+0	1.954556E-8	1.713985E+8	6.547919E-8	3.320000E+1
3.360029E+0	1.992176E-8	1.686613E+8	6.693769E-8	3.330000E+1
3.369945E+0	2.030186E-8	1.659919E+8	6.841615E-8	3.340000E+1
3.379868E+0	2.069516E-8	1.633168E+8	6.994691E-8	3.350000E+1
3.389662E+0	2.111122E-8	1.605621E+8	7.155990E-8	3.360000E+1
3.399682E+0	2.153459E-8	1.578708E+8	7.321076E-8	3.370000E+1
3.409604E+0	2.193528E-8	1.554393E+8	7.479062E-8	3.380000E+1
3.419492E+0	2.235486E-8	1.529641E+8	7.644226E-8	3.390000E+1
3.429444E+0	2.277683E-8	1.505672E+8	7.811186E-8	3.400000E+1
3.439280E+0	2.320707E-8	1.481997E+8	7.981561E-8	3.410000E+1
3.449237E+0	2.362433E-8	1.460036E+8	8.148591E-8	3.420000E+1
3.459058E+0	2.405324E-8	1.438084E+8	8.320155E-8	3.430000E+1
3.468964E+0	2.448304E-8	1.416885E+8	8.493078E-8	3.440000E+1
3.478997E+0	2.491905E-8	1.396119E+8	8.669330E-8	3.450000E+1
3.488778E+0	2.532094E-8	1.377823E+8	8.833914E-8	3.460000E+1
3.498692E+0	2.575356E-8	1.358528E+8	9.010377E-8	3.470000E+1
3.509057E+0	2.621684E-8	1.338474E+8	9.199639E-8	3.480000E+1
3.518996E+0	2.668896E-8	1.318521E+8	9.391834E-8	3.490000E+1
3.528877E+0	2.715508E-8	1.299527E+8	9.582694E-8	3.500000E+1
3.538782E+0	2.761528E-8	1.281458E+8	9.772446E-8	3.510000E+1
3.551949E+0	2.824309E-8	1.257635E+8	1.003180E-7	3.520000E+1
3.561958E+0	2.871256E-8	1.240557E+8	1.022729E-7	3.530000E+1
3.571831E+0	2.917600E-8	1.224236E+8	1.042117E-7	3.540000E+1
3.581796E+0	2.964402E-8	1.208269E+8	1.061788E-7	3.550000E+1
3.591651E+0	3.014769E-8	1.191352E+8	1.082800E-7	3.560000E+1
3.601550E+0	3.064993E-8	1.175060E+8	1.103873E-7	3.570000E+1
3.611506E+0	3.114038E-8	1.159750E+8	1.124637E-7	3.580000E+1
3.621429E+0	3.166871E-8	1.143535E+8	1.146860E-7	3.590000E+1
3.631335E+0	3.219756E-8	1.127829E+8	1.169201E-7	3.600000E+1
3.641225E+0	3.275690E-8	1.111590E+8	1.192752E-7	3.610000E+1
3.651140E+0	3.329412E-8	1.096632E+8	1.215615E-7	3.620000E+1
3.661044E+0	3.384862E-8	1.081593E+8	1.239213E-7	3.630000E+1
3.670996E+0	3.444099E-8	1.065880E+8	1.264327E-7	3.640000E+1
3.680911E+0	3.503876E-8	1.050525E+8	1.289746E-7	3.650000E+1
3.690791E+0	3.564300E-8	1.035488E+8	1.315509E-7	3.660000E+1
3.700638E+0	3.624583E-8	1.020983E+8	1.341327E-7	3.670000E+1
3.710596E+0	3.685499E-8	1.006810E+8	1.367540E-7	3.680000E+1
3.720611E+0	3.753778E-8	9.911644E+7	1.396635E-7	3.690000E+1
3.730518E+0	3.821002E-8	9.763193E+7	1.425432E-7	3.700000E+1
3.740484E+0	3.889258E-8	9.617475E+7	1.454771E-7	3.710000E+1
3.750398E+0	3.964591E-8	9.459735E+7	1.486879E-7	3.720000E+1
3.760323E+0	4.035313E-8	9.318541E+7	1.517408E-7	3.730000E+1
3.770221E+0	4.106635E-8	9.180804E+7	1.548292E-7	3.740000E+1
3.780102E+0	4.184211E-8	9.034205E+7	1.581674E-7	3.750000E+1
3.789980E+0	4.264124E-8	8.888062E+7	1.616094E-7	3.760000E+1
3.799862E+0	4.345085E-8	8.745196E+7	1.651072E-7	3.770000E+1
3.809804E+0	4.429290E-8	8.601388E+7	1.687473E-7	3.780000E+1
3.819702E+0	4.514043E-8	8.461820E+7	1.724230E-7	3.790000E+1
3.829683E+0	4.606308E-8	8.313997E+7	1.764070E-7	3.800000E+1
3.839515E+0	4.697064E-8	8.174287E+7	1.803445E-7	3.810000E+1
3.849523E+0	4.788185E-8	8.039629E+7	1.843223E-7	3.820000E+1
3.859455E+0	4.883608E-8	7.902876E+7	1.884807E-7	3.830000E+1
3.869283E+0	4.985645E-8	7.760847E+7	1.929087E-7	3.840000E+1
3.879209E+0	5.086882E-8	7.625907E+7	1.973308E-7	3.850000E+1
3.889073E+0	5.191114E-8	7.491789E+7	2.018862E-7	3.860000E+1
3.898950E+0	5.300185E-8	7.356253E+7	2.066516E-7	3.870000E+1
3.908894E+0	5.411227E-8	7.223674E+7	2.115191E-7	3.880000E+1
3.918817E+0	5.521659E-8	7.097173E+7	2.163837E-7	3.890000E+1
3.929002E+0	5.641894E-8	6.963977E+7	2.216701E-7	3.900000E+1
3.938960E+0	5.764311E-8	6.833358E+7	2.270539E-7	3.910000E+1
3.952185E+0	5.929913E-8	6.664828E+7	2.343611E-7	3.920000E+1
3.962030E+0	6.055141E-8	6.543250E+7	2.399065E-7	3.930000E+1
3.971948E+0	6.180785E-8	6.426284E+7	2.454976E-7	3.940000E+1
3.981803E+0	6.313376E-8	6.306932E+7	2.513862E-7	3.950000E+1
3.991809E+0	6.451692E-8	6.187228E+7	2.575392E-7	3.960000E+1
4.001580E+0	6.590574E-8	6.071671E+7	2.637271E-7	3.970000E+1
4.011451E+0	6.730717E-8	5.959916E+7	2.699994E-7	3.980000E+1
4.021507E+0	6.875954E-8	5.848653E+7	2.765170E-7	3.990000E+1
4.031411E+0	7.027454E-8	5.736659E+7	2.833056E-7	4.000000E+1
4.041392E+0	7.181870E-8	5.627214E+7	2.902475E-7	4.010000E+1
4.051317E+0	7.335851E-8	5.522627E+7	2.971986E-7	4.020000E+1
4.061145E+0	7.494013E-8	5.419186E+7	3.043427E-7	4.030000E+1
4.071069E+0	7.659375E-8	5.315145E+7	3.118184E-7	4.040000E+1
4.080959E+0	7.825270E-8	5.215103E+7	3.193461E-7	4.050000E+1
4.090893E+0	7.997605E-8	5.115148E+7	3.271735E-7	4.060000E+1
4.100832E+0	8.170490E-8	5.019077E+7	3.350581E-7	4.070000E+1
4.110713E+0	8.343426E-8	4.926889E+7	3.429743E-7	4.080000E+1
4.120619E+0	8.502442E-8	4.846395E+7	3.503532E-7	4.090000E+1
4.130491E+0	8.691264E-8	4.752463E+7	3.589919E-7	4.100000E+1
4.140491E+0	8.882678E-8	4.661309E+7	3.677865E-7	4.110000E+1
4.150398E+0	9.080354E-8	4.570745E+7	3.768708E-7	4.120000E+1
4.160260E+0	9.279377E-8	4.483340E+7	3.860462E-7	4.130000E+1
4.170194E+0	9.479154E-8	4.399331E+7	3.952991E-7	4.140000E+1
4.180109E+0	9.682110E-8	4.317353E+7	4.047228E-7	4.150000E+1
4.190031E+0	9.890877E-8	4.236258E+7	4.144308E-7	4.160000E+1
4.199963E+0	1.009248E-7	4.161478E+7	4.238804E-7	4.160000E+1
4.209801E+0	1.028757E-7	4.092124E+7	4.330862E-7	4.180000E+1
4.219692E+0	1.051084E-7	4.014610E+7	4.435251E-7	4.190000E+1
4.229623E+0	1.073844E-7	3.938769E+7	4.541955E-7	4.200000E+1
4.239434E+0	1.100100E-7	3.853681E+7	4.663801E-7	4.210000E+1
4.249504E+0	1.117126E-7	3.803961E+7	4.747231E-7	4.210000E+1
4.259451E+0	1.155437E-7	3.686442E+7	4.921527E-7	4.220000E+1
4.269348E+0	1.332009E-7	3.205195E+7	5.686810E-7	4.240000E+1
4.279223E+0	1.213076E-7	3.527580E+7	5.191023E-7	4.250000E+1
4.289042E+0	1.170760E-7	3.663468E+7	5.021439E-7	4.260000E+1
4.299078E+0	1.214087E-7	3.540997E+7	5.219455E-7	4.270000E+1
4.308916E+0	1.206908E-7	3.570211E+7	5.200465E-7	4.270000E+1
4.318824E+0	1.220862E-7	3.537520E+7	5.272688E-7	4.280000E+1
4.328686E+0	1.263369E-7	3.426304E+7	5.468728E-7	4.300000E+1
4.338634E+0	1.352907E-7	3.206897E+7	5.869768E-7	4.310000E+1
4.352098E+0	1.395352E-7	3.118996E+7	6.072709E-7	4.320000E+1
4.362088E+0	1.423386E-7	3.064585E+7	6.208935E-7	4.320000E+1
4.372021E+0	1.453458E-7	3.008013E+7	6.354549E-7	4.330000E+1
4.381912E+0	1.482158E-7	2.956441E+7	6.494686E-7	4.340000E+1
4.391834E+0	1.512544E-7	2.903607E+7	6.642842E-7	4.360000E+1
4.401875E+0	1.544007E-7	2.850942E+7	6.796526E-7	4.370000E+1
4.411806E+0	1.576139E-7	2.799122E+7	6.953619E-7	4.370000E+1
4.421731E+0	1.609582E-7	2.747130E+7	7.117139E-7	4.380000E+1
4.431602E+0	1.642530E-7	2.698034E+7	7.279039E-7	4.390000E+1
4.441492E+0	1.677105E-7	2.648309E+7	7.448848E-7	4.410000E+1
4.451450E+0	1.711004E-7	2.601660E+7	7.616449E-7	4.410000E+1
4.461389E+0	1.747272E-7	2.553345E+7	7.795260E-7	4.420000E+1
4.471287E+0	1.783875E-7	2.506502E+7	7.976217E-7	4.430000E+1
4.481202E+0	1.820819E-7	2.461091E+7	8.159458E-7	4.440000E+1
4.491063E+0	1.857966E-7	2.417193E+7	8.344242E-7	4.450000E+1
4.501041E+0	1.895987E-7	2.373983E+7	8.533915E-7	4.460000E+1
4.510878E+0	1.934150E-7	2.332228E+7	8.724715E-7	4.470000E+1
4.520811E+0	1.973649E-7	2.290585E+7	8.922494E-7	4.480000E+1
4.530759E+0	2.013218E-7	2.250506E+7	9.121406E-7	4.490000E+1
4.540675E+0	2.053950E-7	2.210704E+7	9.326319E-7	4.500000E+1
4.550470E+0	2.089563E-7	2.177714E+7	9.508494E-7	4.520000E+1
4.560463E+0	2.185235E-7	2.086944E+7	9.965683E-7	4.520000E+1
4.570630E+0	2.263190E-7	2.019552E+7	1.034420E-6	4.530000E+1
4.580486E+0	2.262223E-7	2.024772E+7	1.036208E-6	4.540000E+1
4.590349E+0	2.275180E-7	2.017576E+7	1.044387E-6	4.550000E+1
4.600264E+0	2.337902E-7	1.967689E+7	1.075497E-6	4.570000E+1
4.610205E+0	2.407676E-7	1.914795E+7	1.109988E-6	4.570000E+1
4.620171E+0	2.350371E-7	1.965720E+7	1.085912E-6	4.580000E+1
4.630008E+0	2.390701E-7	1.936674E+7	1.106896E-6	4.590000E+1
4.639933E+0	2.413745E-7	1.922296E+7	1.119962E-6	4.600000E+1
4.649907E+0	2.601824E-7	1.787172E+7	1.209824E-6	4.610000E+1
4.659790E+0	2.618747E-7	1.779397E+7	1.220281E-6	4.620000E+1
4.669807E+0	2.682288E-7	1.740979E+7	1.252577E-6	4.630000E+1
4.679660E+0	2.731097E-7	1.713473E+7	1.278061E-6	4.640000E+1
4.689574E+0	2.786132E-7	1.683184E+7	1.306577E-6	4.650000E+1
4.699463E+0	2.843947E-7	1.652444E+7	1.336502E-6	4.660000E+1
4.709446E+0	2.901579E-7	1.623063E+7	1.366483E-6	4.670000E+1
4.719336E+0	2.961061E-7	1.593799E+7	1.397424E-6	4.680000E+1
4.729234E+0	3.021562E-7	1.565162E+7	1.428967E-6	4.690000E+1
4.739182E+0	3.083157E-7	1.537120E+7	1.461164E-6	4.700000E+1
4.752392E+0	3.167353E-7	1.500430E+7	1.505250E-6	4.710000E+1
4.762230E+0	3.231887E-7	1.473514E+7	1.539099E-6	4.720000E+1
4.772212E+0	3.300144E-7	1.446062E+7	1.574899E-6	4.730000E+1
4.782413E+0	3.369992E-7	1.419117E+7	1.611669E-6	4.740000E+1
4.792356E+0	3.440259E-7	1.393022E+7	1.648695E-6	4.750000E+1
4.802297E+0	3.512227E-7	1.367308E+7	1.686676E-6	4.760000E+1
4.812253E+0	3.587168E-7	1.341519E+7	1.726236E-6	4.770000E+1
4.822123E+0	3.662975E-7	1.316450E+7	1.766332E-6	4.780000E+1
4.832151E+0	3.740062E-7	1.291998E+7	1.807254E-6	4.790000E+1
4.842056E+0	3.818695E-7	1.267987E+7	1.849034E-6	4.800000E+1
4.851961E+0	3.899581E-7	1.244226E+7	1.892061E-6	4.810000E+1
4.861836E+0	3.981583E-7	1.221081E+7	1.935780E-6	4.820000E+1
4.871749E+0	4.065715E-7	1.198251E+7	1.980714E-6	4.830000E+1
4.881709E+0	4.152457E-7	1.175619E+7	2.027109E-6	4.840000E+1
4.891679E+0	4.241180E-7	1.153377E+7	2.074649E-6	4.850000E+1
4.901571E+0	4.332420E-7	1.131370E+7	2.123566E-6	4.860000E+1
4.911494E+0	4.425740E-7	1.109757E+7	2.173700E-6	4.870000E+1
4.921416E+0	4.520801E-7	1.088616E+7	2.224874E-6	4.880000E+1
4.931315E+0	4.618601E-7	1.067708E+7	2.277578E-6	4.890000E+1
4.941220E+0	4.719546E-7	1.046969E+7	2.332032E-6	4.900000E+1
4.951101E+0	4.821854E-7	1.026804E+7	2.387349E-6	4.910000E+1
4.961068E+0	4.926821E-7	1.006951E+7	2.444229E-6	4.920000E+1
4.970956E+0	5.034206E-7	9.874360E+6	2.502482E-6	4.930000E+1
4.980881E+0	5.143555E-7	9.683732E+6	2.561944E-6	4.940000E+1
4.990925E+0	5.259269E-7	9.489769E+6	2.624862E-6	4.950000E+1
5.000829E+0	5.375865E-7	9.302371E+6	2.688378E-6	4.960000E+1
5.010758E+0	5.494849E-7	9.119009E+6	2.753336E-6	4.970000E+1
5.020736E+0	5.615926E-7	8.940175E+6	2.819608E-6	4.980000E+1
5.030650E+0	5.740995E-7	8.762680E+6	2.888094E-6	4.990000E+1
5.040598E+0	5.868405E-7	8.589383E+6	2.958027E-6	5.000000E+1
5.050511E+0	6.000213E-7	8.417220E+6	3.030414E-6	5.010000E+1
5.060427E+0	6.135592E-7	8.247659E+6	3.104872E-6	5.020000E+1
5.070419E+0	6.274058E-7	8.081562E+6	3.181210E-6	5.030000E+1
5.080309E+0	6.415523E-7	7.918776E+6	3.259284E-6	5.040000E+1
5.090156E+0	6.560230E-7	7.759112E+6	3.339259E-6	5.050000E+1
5.100271E+0	6.710359E-7	7.600593E+6	3.422465E-6	5.060000E+1
5.110137E+0	6.862974E-7	7.445951E+6	3.507074E-6	5.070000E+1
5.120145E+0	7.016694E-7	7.297090E+6	3.592649E-6	5.080000E+1
5.129967E+0	7.173788E-7	7.150988E+6	3.680130E-6	5.090000E+1
5.139898E+0	7.330805E-7	7.011369E+6	3.767959E-6	5.100000E+1
5.153140E+0	7.562639E-7	6.813944E+6	3.897134E-6	5.110000E+1
5.163097E+0	7.752561E-7	6.659860E+6	4.002722E-6	5.120000E+1
5.173050E+0	7.930249E-7	6.523187E+6	4.102357E-6	5.130000E+1
5.182943E+0	8.122045E-7	6.381328E+6	4.209610E-6	5.140000E+1
5.192834E+0	8.309765E-7	6.249074E+6	4.315123E-6	5.150000E+1
5.203274E+0	8.511208E-7	6.113438E+6	4.428615E-6	5.160000E+1
5.213118E+0	8.710272E-7	5.985023E+6	4.540768E-6	5.170000E+1
5.223092E+0	8.912829E-7	5.860195E+6	4.655253E-6	5.180000E+1
5.233125E+0	9.129769E-7	5.731936E+6	4.777722E-6	5.190000E+1
5.243101E+0	9.354054E-7	5.605164E+6	4.904425E-6	5.200000E+1
5.253033E+0	9.575642E-7	5.485829E+6	5.030116E-6	5.210000E+1
5.263032E+0	9.806705E-7	5.366769E+6	5.161300E-6	5.220000E+1
5.272802E+0	1.004023E-6	5.251675E+6	5.294014E-6	5.230000E+1
5.282782E+0	1.028428E-6	5.136754E+6	5.432961E-6	5.240000E+1
5.291094E+0	1.051586E-6	5.031537E+6	5.564040E-6	5.270000E+1
5.300947E+0	1.075350E-6	4.929509E+6	5.700373E-6	5.280000E+1
5.310990E+0	1.101092E-6	4.823384E+6	5.847889E-6	5.290000E+1
5.320943E+0	1.131444E-6	4.702790E+6	6.020349E-6	5.300000E+1
5.330789E+0	1.160030E-6	4.595389E+6	6.183875E-6	5.310000E+1
5.340694E+0	1.184958E-6	4.507075E+6	6.328498E-6	5.320000E+1
5.350663E+0	1.217645E-6	4.394272E+6	6.515208E-6	5.330000E+1
5.360499E+0	1.246501E-6	4.300437E+6	6.681867E-6	5.340000E+1
5.370442E+0	1.277720E-6	4.203145E+6	6.861921E-6	5.350000E+1
5.380337E+0	1.309809E-6	4.107726E+6	7.047214E-6	5.360000E+1
5.390277E+0	1.341199E-6	4.018999E+6	7.229434E-6	5.370000E+1
5.400176E+0	1.374886E-6	3.927726E+6	7.424626E-6	5.380000E+1
5.410182E+0	1.412007E-6	3.831555E+6	7.639215E-6	5.390000E+1
5.420190E+0	1.448244E-6	3.742594E+6	7.849758E-6	5.400000E+1
5.430098E+0	1.485184E-6	3.656179E+6	8.064695E-6	5.410000E+1
5.439936E+0	1.522682E-6	3.572602E+6	8.283293E-6	5.410000E+1
5.449904E+0	1.561910E-6	3.489256E+6	8.512260E-6	5.430000E+1
5.459825E+0	1.602658E-6	3.406731E+6	8.750232E-6	5.440000E+1
5.469833E+0	1.645120E-6	3.324884E+6	8.998532E-6	5.450000E+1
5.479672E+0	1.686639E-6	3.248871E+6	9.242229E-6	5.460000E+1
5.489665E+0	1.731535E-6	3.170404E+6	9.505547E-6	5.470000E+1
5.499518E+0	1.776710E-6	3.095338E+6	9.771049E-6	5.470000E+1
5.509290E+0	1.825083E-6	3.018652E+6	1.005491E-5	5.490000E+1
5.519279E+0	1.872281E-6	2.947890E+6	1.033364E-5	5.500000E+1
5.529258E+0	1.923055E-6	2.875247E+6	1.063307E-5	5.510000E+1
5.539179E+0	1.974062E-6	2.805980E+6	1.093468E-5	5.520000E+1
5.552420E+0	2.045616E-6	2.714302E+6	1.135812E-5	5.520000E+1
5.562240E+0	2.099852E-6	2.648872E+6	1.167988E-5	5.530000E+1
5.572193E+0	2.157805E-6	2.582343E+6	1.202371E-5	5.550000E+1
5.582116E+0	2.216650E-6	2.518267E+6	1.237360E-5	5.560000E+1
5.592045E+0	2.277560E-6	2.455279E+6	1.273622E-5	5.560000E+1
5.601945E+0	2.338903E-6	2.395116E+6	1.310241E-5	5.570000E+1
5.611826E+0	2.406706E-6	2.331746E+6	1.350602E-5	5.580000E+1
5.621974E+0	2.474499E-6	2.271965E+6	1.391157E-5	5.590000E+1
5.632020E+0	2.544036E-6	2.213813E+6	1.432806E-5	5.610000E+1
5.641854E+0	2.615382E-6	2.157182E+6	1.475560E-5	5.610000E+1
5.651857E+0	2.691835E-6	2.099630E+6	1.521387E-5	5.620000E+1
5.661756E+0	2.766228E-6	2.046742E+6	1.566171E-5	5.630000E+1
5.671651E+0	2.846390E-6	1.992577E+6	1.614373E-5	5.640000E+1
5.681599E+0	2.928914E-6	1.939831E+6	1.664091E-5	5.660000E+1
5.691569E+0	3.014245E-6	1.888224E+6	1.715578E-5	5.660000E+1
5.701416E+0	3.101273E-6	1.838412E+6	1.768165E-5	5.670000E+1
5.711317E+0	3.191219E-6	1.789698E+6	1.822606E-5	5.680000E+1
5.721199E+0	3.286932E-6	1.740589E+6	1.880519E-5	5.690000E+1
5.731301E+0	3.387144E-6	1.692075E+6	1.941274E-5	5.710000E+1
5.741176E+0	3.485077E-6	1.647360E+6	2.000844E-5	5.720000E+1
5.751081E+0	3.591243E-6	1.601418E+6	2.065353E-5	5.720000E+1
5.761022E+0	3.701135E-6	1.556555E+6	2.132232E-5	5.730000E+1
5.770960E+0	3.814152E-6	1.513039E+6	2.201132E-5	5.740000E+1
5.780892E+0	3.931196E-6	1.470517E+6	2.272582E-5	5.760000E+1
5.790713E+0	4.053521E-6	1.428564E+6	2.347278E-5	5.770000E+1
5.800749E+0	4.180772E-6	1.387483E+6	2.425161E-5	5.770000E+1
5.810612E+0	4.310298E-6	1.348077E+6	2.504547E-5	5.780000E+1
5.820563E+0	4.447322E-6	1.308779E+6	2.588592E-5	5.790000E+1
5.830468E+0	4.589095E-6	1.270505E+6	2.675657E-5	5.800000E+1
5.840490E+0	4.740265E-6	1.232102E+6	2.768547E-5	5.810000E+1
5.850396E+0	4.894476E-6	1.195306E+6	2.863462E-5	5.820000E+1
5.860388E+0	5.054724E-6	1.159388E+6	2.962264E-5	5.830000E+1
5.870349E+0	5.223311E-6	1.123875E+6	3.066266E-5	5.840000E+1
5.880260E+0	5.397312E-6	1.089479E+6	3.173760E-5	5.850000E+1
5.890202E+0	5.579768E-6	1.055636E+6	3.286596E-5	5.860000E+1
5.900058E+0	5.768654E-6	1.022779E+6	3.403539E-5	5.870000E+1
5.910026E+0	5.967763E-6	9.903252E+5	3.526963E-5	5.880000E+1
5.919963E+0	6.173834E-6	9.588795E+5	3.654887E-5	5.890000E+1
5.929927E+0	6.390220E-6	9.279691E+5	3.789354E-5	5.900000E+1
5.939969E+0	6.619541E-6	8.973385E+5	3.931987E-5	5.910000E+1
5.953213E+0	6.940023E-6	8.578088E+5	4.131544E-5	5.920000E+1
5.963048E+0	7.192720E-6	8.290394E+5	4.289053E-5	5.930000E+1
5.973049E+0	7.458422E-6	8.008462E+5	4.454952E-5	5.940000E+1
5.982922E+0	7.734358E-6	7.735512E+5	4.627406E-5	5.950000E+1
5.993006E+0	8.028662E-6	7.464514E+5	4.811582E-5	5.960000E+1
6.002904E+0	8.334062E-6	7.202855E+5	5.002857E-5	5.970000E+1
6.012811E+0	8.655404E-6	6.946887E+5	5.204331E-5	5.980000E+1
6.022836E+0	8.996268E-6	6.694816E+5	5.418305E-5	5.990000E+1
6.032863E+0	9.360235E-6	6.445205E+5	5.646902E-5	6.000000E+1
6.042807E+0	9.734441E-6	6.207657E+5	5.882335E-5	6.010000E+1
6.052344E+0	1.011736E-5	5.982138E+5	6.123374E-5	6.020000E+1
6.060687E+0	1.048975E-5	5.777723E+5	6.357509E-5	6.050000E+1
6.070611E+0	1.093034E-5	5.553909E+5	6.635384E-5	6.060000E+1
6.080508E+0	1.140614E-5	5.330908E+5	6.935513E-5	6.070000E+1
6.090414E+0	1.190305E-5	5.116684E+5	7.249450E-5	6.080000E+1
6.100355E+0	1.243505E-5	4.905774E+5	7.585822E-5	6.090000E+1
6.110271E+0	1.299467E-5	4.702136E+5	7.940096E-5	6.100000E+1
6.120175E+0	1.359747E-5	4.500966E+5	8.321890E-5	6.110000E+1
6.130134E+0	1.423700E-5	4.305776E+5	8.727472E-5	6.120000E+1
6.139998E+0	1.491904E-5	4.115545E+5	9.160288E-5	6.130000E+1
6.149979E+0	1.565933E-5	3.927358E+5	9.630455E-5	6.140000E+1
6.159928E+0	1.644902E-5	3.744860E+5	1.013248E-4	6.150000E+1
6.169898E+0	1.729925E-5	3.566570E+5	1.067346E-4	6.160000E+1
6.179671E+0	1.821654E-5	3.392341E+5	1.125722E-4	6.170000E+1
6.189674E+0	1.920293E-5	3.223297E+5	1.188599E-4	6.180000E+1
6.199517E+0	2.027865E-5	3.057165E+5	1.257178E-4	6.190000E+1
6.209564E+0	2.144565E-5	2.895489E+5	1.331681E-4	6.200000E+1
6.219437E+0	2.272326E-5	2.737036E+5	1.413259E-4	6.210000E+1
6.229343E+0	2.411703E-5	2.582964E+5	1.502333E-4	6.220000E+1
6.239342E+0	2.565172E-5	2.432329E+5	1.600499E-4	6.230000E+1
6.249204E+0	2.735838E-5	2.284201E+5	1.709681E-4	6.240000E+1
6.259281E+0	2.927125E-5	2.138372E+5	1.832170E-4	6.250000E+1
6.269272E+0	3.138971E-5	1.997238E+5	1.967906E-4	6.260000E+1
6.279194E+0	3.374510E-5	1.860772E+5	2.118920E-4	6.270000E+1
6.289153E+0	3.642650E-5	1.726532E+5	2.290918E-4	6.280000E+1
6.299119E+0	3.946451E-5	1.596148E+5	2.485916E-4	6.290000E+1
6.309119E+0	4.297541E-5	1.468077E+5	2.711370E-4	6.300000E+1
6.319039E+0	4.704207E-5	1.343274E+5	2.972607E-4	6.310000E+1
6.329031E+0	5.179116E-5	1.222029E+5	3.277879E-4	6.320000E+1
6.339089E+0	5.749633E-5	1.102521E+5	3.644744E-4	6.330000E+1
6.349055E+0	6.440327E-5	9.858280E+4	4.088999E-4	6.340000E+1
6.362437E+0	7.635522E-5	8.332681E+4	4.858053E-4	6.350000E+1
6.372601E+0	8.828327E-5	7.218356E+4	5.625941E-4	6.360000E+1
6.381173E+0	1.024031E-4	6.231426E+4	6.534519E-4	6.390000E+1
6.391192E+0	1.242241E-4	5.144889E+4	7.939401E-4	6.400000E+1
6.401114E+0	1.580463E-4	4.050151E+4	1.011672E-3	6.410000E+1
6.411128E+0	2.267677E-4	2.827179E+4	1.453837E-3	6.410000E+1
6.420784E+0	8.778751E-4	7.314006E+3	5.636646E-3	6.440000E+1
6.431082E+0	3.211108E-3	2.002761E+3	2.065090E-2	6.460000E+1
6.441659E+0	6.833737E-3	9.426261E+2	4.402060E-2	6.470000E+1
6.450604E+0	1.000010E-2	6.450539E+2	6.450669E-2	6.470000E+1
6.451875E+0	1.000008E-2	6.451823E+2	6.451927E-2	6.480000E+1
6.452846E+0	1.000009E-2	6.452788E+2	6.452904E-2	6.500000E+1
6.453770E+0	1.000009E-2	6.453712E+2	6.453828E-2	6.510000E+1
6.454523E+0	1.000010E-2	6.454458E+2	6.454588E-2	6.510000E+1
6.455132E+0	1.000009E-2	6.455074E+2	6.455190E-2	6.520000E+1
6.455892E+0	1.000009E-2	6.455834E+2	6.455950E-2	6.540000E+1
6.456466E+0	1.000010E-2	6.456401E+2	6.456531E-2	6.550000E+1
6.457027E+0	1.000009E-2	6.456969E+2	6.457085E-2	6.560000E+1
6.457751E+0	1.000010E-2	6.457686E+2	6.457816E-2	6.560000E+1
6.458196E+0	1.000009E-2	6.458138E+2	6.458254E-2	6.570000E+1
6.458723E+0	1.000010E-2	6.458658E+2	6.458788E-2	6.580000E+1
6.459280E+0	1.000010E-2	6.459215E+2	6.459345E-2	6.590000E+1
6.459826E+0	1.000009E-2	6.459768E+2	6.459884E-2	6.610000E+1
6.460360E+0	1.000009E-2	6.460302E+2	6.460418E-2	6.620000E+1
6.460797E+0	1.000009E-2	6.460739E+2	6.460855E-2	6.620000E+1
6.461362E+0	1.000009E-2	6.461304E+2	6.461420E-2	6.630000E+1
6.461800E+0	1.000009E-2	6.461742E+2	6.461858E-2	6.650000E+1
6.462238E+0	1.000008E-2	6.462186E+2	6.462290E-2	6.660000E+1
6.462792E+0	1.000009E-2	6.462734E+2	6.462850E-2	6.660000E+1
6.463246E+0	1.000009E-2	6.463188E+2	6.463304E-2	6.670000E+1
6.463645E+0	1.000009E-2	6.463587E+2	6.463703E-2	6.680000E+1
6.464045E+0	1.000008E-2	6.463993E+2	6.464097E-2	6.690000E+1
6.464529E+0	1.000009E-2	6.464471E+2	6.464587E-2	6.710000E+1
6.464820E+0	1.000008E-2	6.464768E+2	6.464872E-2	6.720000E+1
6.465376E+0	1.000009E-2	6.465318E+2	6.465434E-2	6.720000E+1
6.465829E+0	1.000009E-2	6.465771E+2	6.465887E-2	6.730000E+1
6.466184E+0	1.000009E-2	6.466126E+2	6.466242E-2	6.750000E+1
6.466540E+0	1.000010E-2	6.466475E+2	6.466605E-2	6.760000E+1
6.466928E+0	1.000009E-2	6.466870E+2	6.466986E-2	6.770000E+1
6.467211E+0	1.000008E-2	6.467159E+2	6.467263E-2	6.770000E+1
6.467644E+0	1.000009E-2	6.467586E+2	6.467702E-2	6.780000E+1
6.467987E+0	1.000008E-2	6.467935E+2	6.468039E-2	6.790000E+1
6.468346E+0	1.000009E-2	6.468288E+2	6.468404E-2	6.800000E+1
6.468683E+0	1.000009E-2	6.468625E+2	6.468741E-2	6.810000E+1
6.468969E+0	1.000009E-2	6.468911E+2	6.469027E-2	6.820000E+1
6.469289E+0	1.000009E-2	6.469231E+2	6.469347E-2	6.830000E+1
6.469568E+0	1.000009E-2	6.469510E+2	6.469626E-2	6.840000E+1
6.470025E+0	1.000009E-2	6.469967E+2	6.470083E-2	6.850000E+1
6.470290E+0	1.000010E-2	6.470225E+2	6.470355E-2	6.870000E+1
6.470601E+0	1.000010E-2	6.470536E+2	6.470666E-2	6.870000E+1
6.470908E+0	1.000010E-2	6.470843E+2	6.470973E-2	6.880000E+1
6.471247E+0	1.000010E-2	6.471182E+2	6.471312E-2	6.890000E+1
6.471550E+0	1.000010E-2	6.471485E+2	6.471615E-2	6.900000E+1
6.471748E+0	1.000009E-2	6.471690E+2	6.471806E-2	6.920000E+1
6.472065E+0	1.000010E-2	6.472000E+2	6.472130E-2	6.920000E+1
6.472364E+0	1.000009E-2	6.472306E+2	6.472422E-2	6.930000E+1
6.472577E+0	1.000009E-2	6.472519E+2	6.472635E-2	6.940000E+1
6.472847E+0	1.000009E-2	6.472789E+2	6.472905E-2	6.950000E+1
6.473253E+0	1.000009E-2	6.473195E+2	6.473311E-2	6.960000E+1
6.473440E+0	1.000010E-2	6.473375E+2	6.473505E-2	6.970000E+1
6.473632E+0	1.000009E-2	6.473574E+2	6.473690E-2	6.980000E+1
6.473945E+0	1.000009E-2	6.473887E+2	6.474003E-2	6.990000E+1
6.474106E+0	1.000010E-2	6.474041E+2	6.474171E-2	7.000000E+1
6.474392E+0	1.000010E-2	6.474327E+2	6.474457E-2	7.020000E+1
6.474518E+0	1.000009E-2	6.474460E+2	6.474576E-2	7.020000E+1
6.474781E+0	1.000009E-2	6.474723E+2	6.474839E-2	7.030000E+1
6.474984E+0	1.000009E-2	6.474926E+2	6.475042E-2	7.040000E+1
6.475264E+0	1.000010E-2	6.475199E+2	6.475329E-2	7.050000E+1
6.475491E+0	1.000009E-2	6.475433E+2	6.475549E-2	7.060000E+1
6.475661E+0	1.000010E-2	6.475596E+2	6.475726E-2	7.070000E+1
6.475971E+0	1.000009E-2	6.475913E+2	6.476029E-2	7.080000E+1
6.476081E+0	1.000009E-2	6.476023E+2	6.476139E-2	7.090000E+1
6.476376E+0	1.000009E-2	6.476318E+2	6.476434E-2	7.100000E+1
6.476537E+0	1.000009E-2	6.476479E+2	6.476595E-2	7.120000E+1
6.476732E+0	1.000009E-2	6.476674E+2	6.476790E-2	7.120000E+1
6.476917E+0	1.000009E-2	6.476859E+2	6.476975E-2	7.130000E+1
6.477033E+0	1.000009E-2	6.476975E+2	6.477091E-2	7.140000E+1
6.477364E+0	1.000009E-2	6.477306E+2	6.477422E-2	7.150000E+1
6.477475E+0	1.000009E-2	6.477417E+2	6.477533E-2	7.160000E+1
6.477557E+0	1.000009E-2	6.477499E+2	6.477615E-2	7.170000E+1
6.477811E+0	1.000009E-2	6.477753E+2	6.477869E-2	7.180000E+1
6.478007E+0	1.000009E-2	6.477949E+2	6.478065E-2	7.190000E+1
6.478168E+0	1.000009E-2	6.478110E+2	6.478226E-2	7.200000E+1
6.478335E+0	1.000009E-2	6.478277E+2	6.478393E-2	7.210000E+1
6.478522E+0	1.000009E-2	6.478464E+2	6.478580E-2	7.220000E+1
6.478667E+0	1.000010E-2	6.478602E+2	6.478732E-2	7.230000E+1
6.478835E+0	1.000009E-2	6.478777E+2	6.478893E-2	7.240000E+1
6.478995E+0	1.000009E-2	6.478937E+2	6.479053E-2	7.250000E+1
6.479058E+0	1.000008E-2	6.479006E+2	6.479110E-2	7.270000E+1
6.479259E+0	1.000010E-2	6.479194E+2	6.479324E-2	7.270000E+1
6.479410E+0	1.000009E-2	6.479352E+2	6.479468E-2	7.280000E+1
6.479562E+0	1.000010E-2	6.479497E+2	6.479627E-2	7.290000E+1
6.479678E+0	1.000009E-2	6.479620E+2	6.479736E-2	7.300000E+1
6.479815E+0	1.000009E-2	6.479757E+2	6.479873E-2	7.310000E+1
6.479976E+0	1.000010E-2	6.479911E+2	6.480041E-2	7.320000E+1
6.480074E+0	1.000009E-2	6.480016E+2	6.480132E-2	7.330000E+1
6.480174E+0	1.000009E-2	6.480116E+2	6.480232E-2	7.340000E+1
6.480330E+0	1.000010E-2	6.480265E+2	6.480395E-2	7.360000E+1
6.480542E+0	1.000010E-2	6.480477E+2	6.480607E-2	7.370000E+1
6.480580E+0	1.000009E-2	6.480522E+2	6.480638E-2	7.370000E+1
6.480726E+0	1.000009E-2	6.480668E+2	6.480784E-2	7.380000E+1
6.480861E+0	1.000009E-2	6.480803E+2	6.480919E-2	7.390000E+1
6.480965E+0	1.000010E-2	6.480900E+2	6.481030E-2	7.400000E+1
6.481081E+0	1.000009E-2	6.481023E+2	6.481139E-2	7.410000E+1
6.481260E+0	1.000010E-2	6.481195E+2	6.481325E-2	7.420000E+1
6.481318E+0	1.000009E-2	6.481260E+2	6.481376E-2	7.430000E+1
6.481444E+0	1.000009E-2	6.481386E+2	6.481502E-2	7.440000E+1
6.481571E+0	1.000009E-2	6.481513E+2	6.481629E-2	7.450000E+1
6.481773E+0	1.000009E-2	6.481715E+2	6.481831E-2	7.460000E+1
6.481926E+0	1.000009E-2	6.481868E+2	6.481984E-2	7.470000E+1
6.482045E+0	1.000010E-2	6.481980E+2	6.482110E-2	7.480000E+1
6.482097E+0	1.000010E-2	6.482032E+2	6.482162E-2	7.490000E+1
6.482230E+0	1.000009E-2	6.482172E+2	6.482288E-2	7.500000E+1
6.482380E+0	1.000009E-2	6.482322E+2	6.482438E-2	7.520000E+1
6.482450E+0	1.000010E-2	6.482385E+2	6.482515E-2	7.520000E+1
6.482556E+0	1.000009E-2	6.482498E+2	6.482614E-2	7.530000E+1
6.482643E+0	1.000009E-2	6.482585E+2	6.482701E-2	7.540000E+1
6.482802E+0	1.000009E-2	6.482744E+2	6.482860E-2	7.550000E+1
6.482912E+0	1.000009E-2	6.482854E+2	6.482970E-2	7.560000E+1
6.483067E+0	1.000010E-2	6.483002E+2	6.483132E-2	7.570000E+1
6.483027E+0	1.000008E-2	6.482975E+2	6.483079E-2	7.580000E+1
6.483225E+0	1.000009E-2	6.483167E+2	6.483283E-2	7.590000E+1
6.483312E+0	1.000010E-2	6.483247E+2	6.483377E-2	7.600000E+1
6.483422E+0	1.000010E-2	6.483357E+2	6.483487E-2	7.610000E+1
6.483460E+0	1.000009E-2	6.483402E+2	6.483518E-2	7.620000E+1
6.483533E+0	1.000010E-2	6.483468E+2	6.483598E-2	7.630000E+1
6.483649E+0	1.000009E-2	6.483591E+2	6.483707E-2	7.640000E+1
6.483802E+0	1.000010E-2	6.483737E+2	6.483867E-2	7.650000E+1
6.483860E+0	1.000010E-2	6.483795E+2	6.483925E-2	7.660000E+1
6.483997E+0	1.000010E-2	6.483932E+2	6.484062E-2	7.670000E+1
6.483996E+0	1.000010E-2	6.483931E+2	6.484061E-2	7.680000E+1
6.484140E+0	1.000010E-2	6.484075E+2	6.484205E-2	7.690000E+1
6.484172E+0	1.000010E-2	6.484107E+2	6.484237E-2	7.700000E+1
6.484107E+0	1.000009E-2	6.484049E+2	6.484165E-2	7.710000E+1
6.484290E+0	1.000010E-2	6.484225E+2	6.484355E-2	7.720000E+1
6.484411E+0	1.000010E-2	6.484346E+2	6.484476E-2	7.730000E+1
6.484461E+0	1.000010E-2	6.484396E+2	6.484526E-2	7.740000E+1
6.484577E+0	1.000010E-2	6.484512E+2	6.484642E-2	7.750000E+1
6.484620E+0	1.000010E-2	6.484555E+2	6.484685E-2	7.760000E+1
6.484669E+0	1.000010E-2	6.484604E+2	6.484734E-2	7.770000E+1
6.484737E+0	1.000009E-2	6.484679E+2	6.484795E-2	7.780000E+1
6.484814E+0	1.000009E-2	6.484756E+2	6.484872E-2	7.790000E+1
6.484948E+0	1.000009E-2	6.484890E+2	6.485006E-2	7.800000E+1
6.484966E+0	1.000010E-2	6.484901E+2	6.485031E-2	7.820000E+1
6.485040E+0	1.000009E-2	6.484982E+2	6.485098E-2	7.820000E+1
6.485108E+0	1.000009E-2	6.485050E+2	6.485166E-2	7.830000E+1
6.485178E+0	1.000010E-2	6.485113E+2	6.485243E-2	7.840000E+1
6.485098E+0	1.000009E-2	6.485040E+2	6.485156E-2	7.850000E+1
6.485286E+0	1.000010E-2	6.485221E+2	6.485351E-2	7.860000E+1
6.485346E+0	1.000010E-2	6.485281E+2	6.485411E-2	7.870000E+1
6.485353E+0	1.000009E-2	6.485295E+2	6.485411E-2	7.880000E+1
6.485456E+0	1.000010E-2	6.485391E+2	6.485521E-2	7.890000E+1
6.485492E+0	1.000010E-2	6.485427E+2	6.485557E-2	7.900000E+1
6.485498E+0	1.000010E-2	6.485433E+2	6.485563E-2	7.910000E+1
6.485521E+0	1.000009E-2	6.485463E+2	6.485579E-2	7.920000E+1
6.485593E+0	1.000010E-2	6.485528E+2	6.485658E-2	7.930000E+1
6.485641E+0	1.000009E-2	6.485583E+2	6.485699E-2	7.940000E+1
6.485659E+0	1.000009E-2	6.485601E+2	6.485717E-2	7.950000E+1
6.485734E+0	1.000009E-2	6.485676E+2	6.485792E-2	7.960000E+1
6.485855E+0	1.000010E-2	6.485790E+2	6.485920E-2	7.970000E+1
6.485887E+0	1.000009E-2	6.485829E+2	6.485945E-2	7.980000E+1
6.485897E+0	1.000010E-2	6.485832E+2	6.485962E-2	7.990000E+1
6.485893E+0	1.000009E-2	6.485835E+2	6.485951E-2	8.000000E+1
6.486016E+0	1.000010E-2	6.485951E+2	6.486081E-2	8.010000E+1
6.485987E+0	1.000009E-2	6.485929E+2	6.486045E-2	8.020000E+1
